-1018 0
-1032 14
-1027 9
-1019 1
-1022 4
-1020 2
-1030 12
-1032 14
-1025 7
-1025 7
-1024 6
-1023 5
-1028 10
-1027 9
-1032 14
-1029 11
-1024 6
-1021 3
-1030 12
-1019 1
-1018 0
-1020 2
-1028 10
-1025 7
-1030 12
-1029 11
-1021 3
-1021 3
-1029 11
-1023 5
-1018 0
-1025 7
-1020 2
-1028 10
-1022 4
-1023 5
-1030 12
-1022 4
-1027 9
-1027 9
-1021 3
-1023 5
-1020 2
-1019 1
-1028 10
-1025 7
-1027 9
-1020 2
-952 2
-950 0
-950 0
-952 2
-950 0
-952 2
-952 2
-950 0
-950 0
-950 0
-950 0
-950 0
-950 0
-950 0
-950 0
-950 0
-950 0
-950 0
-952 2
-952 2
-950 0
-952 2
-950 0
-950 0
-952 2
-952 2
-952 2
-950 0
-952 2
-952 2
-952 2
-952 2
-950 0
-952 2
-950 0
-952 2
-950 0
-952 2
-950 0
-952 2
-952 2
-950 0
-952 2
-950 0
-950 0
-950 0
-952 2
-952 2
-1013 15
-1016 18
-1010 6
-1018 20
-1007 3
-1005 1
-1005 1
-1015 17
-1012 14
-1004 0
-1014 16
-1013 15
-1013 15
-1015 17
-1014 16
-1004 0
-1013 15
-1013 15
-1019 31
-1012 14
-1011 13
-1019 31
-1005 1
-1007 3
-1007 3
-1008 4
-1014 16
-1005 1
-1006 2
-1006 2
-1012 14
-1011 13
-1016 18
-1015 17
-1019 31
-1010 6
-1018 20
-1018 20
-1010 6
-1016 18
-1021 33
-1008 4
-1011 13
-1010 6
-1019 31
-1018 20
-1021 33
-1004 0
-1015 7
-1008 0
-1011 3
-1015 7
-1011 3
-1013 5
-1013 5
-1013 5
-1015 7
-1013 5
-1009 1
-1010 2
-1008 0
-1009 1
-1010 2
-1011 3
-1009 1
-1010 2
-1008 0
-1008 0
-1008 0
-1013 5
-1013 5
-1011 3
-1015 7
-1009 1
-1011 3
-1015 7
-1013 5
-1010 2
-1013 5
-1010 2
-1015 7
-1008 0
-1013 5
-1013 5
-1010 2
-1009 1
-1013 5
-1013 5
-1008 0
-1015 7
-1009 1
-1013 5
-1010 2
-1015 7
-1013 5
-1008 0
-999 3
-992 0
-992 0
-997 1
-999 3
-997 1
-992 0
-997 1
-997 1
-999 3
-997 1
-999 3
-999 3
-997 1
-999 3
-992 0
-999 3
-999 3
-992 0
-997 1
-992 0
-999 3
-999 3
-999 3
-997 1
-999 3
-999 3
-997 1
-992 0
-997 1
-992 0
-999 3
-992 0
-992 0
-992 0
-999 3
-999 3
-992 0
-999 3
-999 3
-999 3
-999 3
-997 1
-992 0
-999 3
-997 1
-997 1
-999 3
-974 0
-993 1
-993 1
-974 0
-993 1
-974 0
-993 1
-993 1
-974 0
-993 1
-993 1
-974 0
-993 1
-974 0
-974 0
-974 0
-974 0
-993 1
-993 1
-993 1
-993 1
-993 1
-993 1
-993 1
-993 1
-974 0
-993 1
-993 1
-993 1
-974 0
-974 0
-974 0
-974 0
-993 1
-993 1
-974 0
-993 1
-974 0
-974 0
-974 0
-993 1
-993 1
-993 1
-993 1
-993 1
-993 1
-974 0
-993 1
-980 0
-982 2
-982 2
-980 0
-980 0
-982 2
-982 2
-982 2
-980 0
-980 0
-980 0
-982 2
-982 2
-980 0
-982 2
-982 2
-980 0
-980 0
-982 2
-980 0
-982 2
-980 0
-980 0
-982 2
-980 0
-982 2
-980 0
-982 2
-982 2
-980 0
-982 2
-982 2
-982 2
-982 2
-982 2
-982 2
-982 2
-980 0
-980 0
-980 0
-980 0
-982 2
-980 0
-982 2
-980 0
-980 0
-980 0
-982 2
-962 0
-979 17
-973 1
-979 17
-973 1
-979 17
-973 1
-973 1
-962 0
-962 0
-973 1
-979 17
-979 17
-979 17
-973 1
-973 1
-973 1
-973 1
-979 17
-962 0
-973 1
-962 0
-979 17
-973 1
-979 17
-979 17
-979 17
-979 17
-962 0
-979 17
-973 1
-979 17
-979 17
-979 17
-973 1
-979 17
-973 1
-962 0
-979 17
-973 1
-962 0
-973 1
-973 1
-979 17
-973 1
-962 0
-962 0
-979 17
-944 0
-967 23
-948 4
-965 21
-945 1
-953 9
-962 18
-949 5
-961 17
-958 14
-957 13
-956 12
-958 14
-959 15
-945 1
-952 8
-952 8
-946 2
-956 12
-950 6
-960 16
-953 9
-960 16
-947 3
-963 19
-950 6
-954 10
-961 17
-967 23
-955 11
-951 7
-959 15
-964 20
-962 18
-949 5
-963 19
-957 13
-954 10
-964 20
-947 3
-946 2
-951 7
-965 21
-951 7
-955 11
-955 11
-965 21
-951 7
-997 15
-988 0
-993 5
-994 6
-995 13
-988 0
-988 0
-995 13
-996 14
-996 14
-997 15
-993 5
-994 6
-996 14
-995 13
-996 14
-993 5
-997 15
-994 6
-994 6
-997 15
-994 6
-993 5
-996 14
-996 14
-993 5
-994 6
-997 15
-988 0
-997 15
-993 5
-996 14
-993 5
-993 5
-995 13
-993 5
-995 13
-988 0
-994 6
-995 13
-994 6
-994 6
-993 5
-994 6
-993 5
-995 13
-997 15
-988 0
-984 0
-996 12
-992 8
-990 6
-996 12
-987 3
-987 3
-991 7
-985 1
-986 2
-984 0
-987 3
-990 6
-985 1
-987 3
-992 8
-986 2
-984 0
-985 1
-991 7
-992 8
-985 1
-986 2
-986 2
-991 7
-990 6
-996 12
-986 2
-984 0
-996 12
-991 7
-996 12
-991 7
-991 7
-984 0
-987 3
-987 3
-984 0
-986 2
-987 3
-996 12
-990 6
-987 3
-992 8
-984 0
-987 3
-985 1
-996 12
-971 35
-936 0
-954 18
-971 35
-968 32
-968 32
-960 24
-938 2
-966 30
-948 12
-958 22
-952 16
-956 20
-958 22
-940 4
-961 25
-956 20
-942 6
-949 13
-939 3
-963 27
-946 10
-965 29
-965 29
-950 14
-951 15
-960 24
-941 5
-943 7
-953 17
-947 11
-937 1
-944 8
-936 0
-950 14
-945 9
-947 11
-963 27
-944 8
-945 9
-963 27
-937 1
-941 5
-961 25
-953 17
-943 7
-951 15
-966 30
-1006 0
-1006 0
-1006 0
-1006 0
-1006 0
-1006 0
-1006 0
-1006 0
-1006 0
-1006 0
-1006 0
-1006 0
-1006 0
-1006 0
-1006 0
-1006 0
-1006 0
-1006 0
-1006 0
-1006 0
-1006 0
-1006 0
-1006 0
-1006 0
-1006 0
-1006 0
-1006 0
-1006 0
-1006 0
-1006 0
-1006 0
-1006 0
-1006 0
-1006 0
-1006 0
-1006 0
-1006 0
-1006 0
-1006 0
-1006 0
-1006 0
-1006 0
-1006 0
-1006 0
-1006 0
-1006 0
-1006 0
-1006 0
-1038 34
-1020 0
-1021 11
-1038 34
-1034 30
-1020 0
-1026 16
-1027 23
-1024 14
-1032 28
-1034 30
-1022 12
-1022 12
-1029 25
-1024 14
-1031 27
-1028 24
-1030 26
-1021 11
-1028 24
-1031 27
-1026 16
-1030 26
-1025 15
-1029 25
-1032 28
-1027 23
-1027 23
-1025 15
-1020 0
-1027 23
-1030 26
-1026 16
-1025 15
-1032 28
-1025 15
-1029 25
-1029 25
-1031 27
-1021 11
-1022 12
-1038 34
-1024 14
-1026 16
-1038 34
-1024 14
-1021 11
-1026 16
-974 4
-970 0
-970 0
-974 4
-970 0
-974 4
-974 4
-970 0
-970 0
-970 0
-970 0
-970 0
-974 4
-974 4
-974 4
-970 0
-974 4
-970 0
-974 4
-970 0
-974 4
-974 4
-970 0
-970 0
-974 4
-970 0
-970 0
-974 4
-974 4
-970 0
-974 4
-970 0
-974 4
-974 4
-974 4
-970 0
-970 0
-974 4
-974 4
-974 4
-974 4
-974 4
-970 0
-974 4
-970 0
-970 0
-970 0
-974 4
-1056 16
-1046 0
-1053 7
-1046 0
-1053 7
-1046 0
-1056 16
-1055 9
-1053 7
-1055 9
-1053 7
-1055 9
-1056 16
-1055 9
-1055 9
-1055 9
-1055 9
-1055 9
-1055 9
-1056 16
-1055 9
-1053 7
-1053 7
-1056 16
-1053 7
-1056 16
-1053 7
-1046 0
-1053 7
-1055 9
-1053 7
-1055 9
-1055 9
-1053 7
-1055 9
-1056 16
-1053 7
-1055 9
-1053 7
-1055 9
-1053 7
-1046 0
-1055 9
-1055 9
-1055 9
-1053 7
-1046 0
-1055 9
-884 0
-909 31
-899 15
-905 27
-905 27
-893 9
-897 13
-897 13
-894 10
-890 6
-907 29
-907 29
-890 6
-894 10
-899 15
-909 31
-886 2
-888 4
-886 2
-889 5
-887 3
-887 3
-885 1
-909 31
-899 15
-889 5
-893 9
-894 10
-885 1
-890 6
-888 4
-893 9
-888 4
-884 0
-885 1
-889 5
-907 29
-909 31
-887 3
-907 29
-894 10
-905 27
-909 31
-899 15
-909 31
-899 15
-897 13
-907 29
-962 0
-972 2
-972 2
-963 1
-962 0
-963 1
-963 1
-963 1
-962 0
-963 1
-963 1
-972 2
-963 1
-962 0
-963 1
-972 2
-972 2
-963 1
-972 2
-972 2
-972 2
-963 1
-963 1
-962 0
-972 2
-962 0
-963 1
-963 1
-972 2
-972 2
-962 0
-963 1
-962 0
-972 2
-972 2
-962 0
-962 0
-972 2
-963 1
-972 2
-963 1
-962 0
-972 2
-972 2
-963 1
-962 0
-972 2
-963 1
-960 0
-996 36
-988 28
-988 28
-982 22
-996 36
-982 22
-961 1
-969 9
-982 22
-975 15
-962 2
-967 7
-975 15
-963 3
-980 20
-980 20
-977 17
-962 2
-979 19
-971 11
-980 20
-966 6
-978 18
-963 3
-971 11
-964 4
-973 13
-964 4
-970 10
-973 13
-976 16
-972 12
-976 16
-966 6
-968 8
-974 14
-978 18
-979 19
-974 14
-968 8
-967 7
-972 12
-965 5
-965 5
-977 17
-977 17
-970 10
-942 4
-938 0
-942 4
-940 2
-940 2
-942 4
-940 2
-939 1
-939 1
-939 1
-939 1
-938 0
-940 2
-938 0
-939 1
-940 2
-939 1
-939 1
-939 1
-940 2
-940 2
-939 1
-940 2
-940 2
-942 4
-938 0
-938 0
-938 0
-940 2
-939 1
-938 0
-939 1
-940 2
-938 0
-942 4
-942 4
-940 2
-939 1
-939 1
-942 4
-940 2
-939 1
-940 2
-938 0
-938 0
-942 4
-940 2
-939 1
