-530 16
-533 19
-531 17
-535 21
-539 25
-533 19
-542 28
-531 17
-542 28
-539 25
-530 16
-530 16
-532 18
-532 18
-535 21
-532 18
-536 22
-528 0
-529 1
-534 20
-533 19
-537 23
-537 23
-529 1
-530 16
-539 25
-534 20
-536 22
-533 19
-532 18
-532 18
-534 20
-535 21
-533 19
-531 17
-535 21
-531 17
-536 22
-539 25
-530 16
-539 25
-537 23
-539 25
-542 28
-530 16
-529 1
-528 0
-542 28
-537 17
-521 1
-527 7
-523 3
-521 1
-530 10
-524 4
-529 9
-520 0
-523 3
-520 0
-520 0
-521 1
-527 7
-529 9
-527 7
-521 1
-529 9
-521 1
-525 5
-523 3
-531 11
-525 5
-535 15
-536 16
-527 7
-526 6
-524 4
-528 8
-531 11
-529 9
-523 3
-530 10
-522 2
-530 10
-536 16
-524 4
-526 6
-522 2
-528 8
-532 12
-532 12
-542 22
-535 15
-537 17
-537 17
-542 22
-520 0
-542 14
-539 11
-535 7
-542 14
-537 9
-542 14
-531 3
-542 14
-532 4
-528 0
-533 5
-532 4
-529 1
-532 4
-531 3
-535 7
-535 7
-531 3
-535 7
-537 9
-536 8
-532 4
-535 7
-536 8
-533 5
-537 9
-529 1
-533 5
-531 3
-533 5
-533 5
-528 0
-531 3
-529 1
-532 4
-530 2
-530 2
-537 9
-537 9
-536 8
-534 6
-534 6
-539 11
-539 11
-542 14
-539 11
-542 14
-528 0
-535 7
-531 3
-531 3
-535 7
-531 3
-529 1
-536 60
-530 2
-535 7
-531 3
-531 3
-531 3
-529 1
-529 1
-529 1
-536 60
-531 3
-535 7
-529 1
-529 1
-535 7
-529 1
-531 3
-531 3
-530 2
-530 2
-529 1
-530 2
-528 0
-529 1
-530 2
-531 3
-535 7
-535 7
-529 1
-529 1
-530 2
-530 2
-531 3
-536 60
-536 60
-539 63
-531 3
-535 7
-535 7
-536 60
-528 0
-539 63
-542 30
-524 0
-535 7
-537 25
-542 30
-529 1
-524 0
-537 25
-535 7
-531 3
-531 3
-537 25
-537 25
-530 2
-529 1
-530 2
-530 2
-531 3
-529 1
-530 2
-529 1
-524 0
-531 3
-529 1
-529 1
-537 25
-531 3
-537 25
-529 1
-530 2
-542 30
-530 2
-531 3
-530 2
-537 25
-542 30
-542 30
-524 0
-531 3
-524 0
-542 30
-535 7
-531 3
-542 30
-524 0
-529 1
-542 30
-529 1
-517 3
-536 28
-522 8
-530 22
-519 5
-523 9
-521 7
-522 8
-519 5
-523 9
-521 7
-530 22
-534 26
-525 11
-521 7
-517 3
-520 6
-518 4
-516 2
-526 12
-515 1
-525 11
-520 6
-515 1
-524 10
-523 9
-516 2
-522 8
-524 10
-519 5
-514 0
-518 4
-517 3
-529 15
-528 14
-528 14
-534 26
-531 23
-536 28
-526 12
-531 23
-534 26
-536 28
-539 31
-529 15
-530 22
-539 31
-514 0
-524 2
-534 12
-534 12
-530 8
-529 7
-529 7
-534 12
-531 9
-522 0
-534 12
-522 0
-525 3
-529 7
-522 0
-522 0
-524 2
-528 6
-525 3
-530 8
-524 2
-529 7
-527 5
-523 1
-522 0
-527 5
-522 0
-530 8
-529 7
-529 7
-531 9
-529 7
-525 3
-528 6
-523 1
-530 8
-526 4
-528 6
-527 5
-526 4
-523 1
-524 2
-525 3
-531 9
-534 12
-534 12
-531 9
-534 12
-522 0
-529 5
-537 13
-542 18
-525 1
-528 4
-536 12
-526 2
-534 10
-534 10
-531 7
-537 13
-532 8
-531 7
-528 4
-532 8
-535 11
-528 4
-525 1
-534 10
-524 0
-528 4
-535 11
-528 4
-525 1
-532 8
-536 12
-530 6
-535 11
-531 7
-527 3
-527 3
-526 2
-539 15
-537 13
-525 1
-529 5
-530 6
-536 12
-529 5
-526 2
-532 8
-539 15
-537 13
-542 18
-534 10
-539 15
-542 18
-524 0
-530 0
-530 0
-531 1
-530 0
-534 2
-534 2
-534 2
-530 0
-534 2
-531 1
-530 0
-534 2
-534 2
-530 0
-530 0
-534 2
-530 0
-530 0
-531 1
-531 1
-530 0
-530 0
-530 0
-531 1
-530 0
-531 1
-530 0
-534 2
-534 2
-534 2
-531 1
-534 2
-530 0
-530 0
-530 0
-530 0
-530 0
-531 1
-530 0
-531 1
-530 0
-534 2
-531 1
-531 1
-534 2
-531 1
-534 2
-530 0
-539 147
-428 0
-534 142
-533 117
-528 100
-529 113
-500 72
-497 69
-478 50
-475 47
-484 56
-487 59
-481 53
-462 34
-520 92
-459 31
-456 28
-470 42
-517 89
-490 62
-536 144
-503 75
-525 97
-441 13
-494 66
-434 6
-523 95
-467 39
-437 9
-472 44
-465 37
-444 16
-492 64
-452 24
-448 20
-511 83
-450 22
-454 26
-509 81
-505 77
-432 4
-507 79
-515 87
-513 85
-439 11
-530 114
-446 18
-430 2
-542 74
-508 0
-539 45
-542 74
-529 35
-528 20
-525 17
-522 14
-539 45
-528 20
-536 42
-520 12
-535 41
-531 37
-523 15
-532 38
-509 1
-534 40
-536 42
-534 40
-525 17
-510 2
-512 4
-530 36
-518 10
-517 9
-530 36
-524 16
-513 5
-515 7
-510 2
-517 9
-516 8
-519 11
-516 8
-511 3
-514 6
-532 38
-512 4
-513 5
-518 10
-520 12
-524 16
-529 35
-519 11
-515 7
-514 6
-511 3
-530 0
-536 166
-534 2
-536 166
-531 1
-534 2
-536 166
-534 2
-530 0
-531 1
-531 1
-534 2
-531 1
-530 0
-530 0
-536 166
-534 2
-536 166
-531 1
-534 2
-530 0
-531 1
-530 0
-536 166
-531 1
-530 0
-530 0
-530 0
-536 166
-536 166
-534 2
-531 1
-531 1
-536 166
-536 166
-534 2
-534 2
-536 166
-536 166
-534 2
-534 2
-534 2
-534 2
-534 2
-534 2
-534 2
-531 1
-530 0
-539 5
-536 2
-535 1
-535 1
-535 1
-539 5
-534 0
-535 1
-535 1
-537 3
-537 3
-536 2
-534 0
-537 3
-536 2
-536 2
-536 2
-537 3
-537 3
-536 2
-537 3
-535 1
-535 1
-535 1
-535 1
-542 8
-542 8
-539 5
-535 1
-534 0
-535 1
-537 3
-536 2
-534 0
-535 1
-537 3
-536 2
-535 1
-539 5
-539 5
-536 2
-539 5
-539 5
-542 8
-542 8
-537 3
-542 8
-534 0
-483 23
-461 1
-462 2
-502 42
-472 12
-515 55
-515 55
-465 5
-467 7
-467 7
-465 5
-487 27
-473 13
-475 15
-483 23
-517 57
-519 59
-486 26
-463 3
-517 57
-474 14
-519 59
-503 43
-507 47
-492 32
-476 16
-513 53
-521 61
-478 18
-501 41
-506 46
-504 44
-488 28
-485 25
-509 49
-471 11
-479 19
-510 50
-493 33
-512 52
-499 39
-495 35
-481 21
-490 30
-469 9
-497 37
-522 62
-460 0
-537 17
-520 0
-527 7
-525 5
-527 7
-537 17
-525 5
-532 12
-526 6
-529 9
-520 0
-531 11
-521 1
-525 5
-529 9
-531 11
-521 1
-526 6
-531 11
-523 3
-528 8
-526 6
-530 10
-522 2
-539 19
-522 2
-527 7
-524 4
-532 12
-527 7
-523 3
-524 4
-530 10
-529 9
-521 1
-539 19
-528 8
-525 5
-532 12
-539 19
-539 19
-542 22
-537 17
-534 14
-534 14
-537 17
-542 22
-520 0
-510 0
-542 32
-539 29
-525 15
-520 10
-513 3
-522 12
-539 29
-534 24
-514 4
-533 23
-511 1
-521 11
-526 16
-516 6
-536 26
-542 32
-537 27
-537 27
-529 19
-518 8
-531 21
-515 5
-523 13
-519 9
-535 25
-523 13
-517 7
-512 2
-527 17
-532 22
-527 17
-524 14
-515 5
-528 18
-529 19
-517 7
-518 8
-530 20
-519 9
-535 25
-531 21
-530 20
-512 2
-524 14
-532 22
-528 18
-510 0
-533 1
-528 0
-533 1
-528 0
-528 0
-533 1
-528 0
-528 0
-533 1
-528 0
-528 0
-528 0
-533 1
-528 0
-528 0
-528 0
-528 0
-533 1
-533 1
-528 0
-533 1
-528 0
-528 0
-528 0
-528 0
-528 0
-533 1
-533 1
-528 0
-528 0
-533 1
-528 0
-528 0
-533 1
-533 1
-528 0
-528 0
-533 1
-533 1
-528 0
-533 1
-533 1
-528 0
-533 1
-533 1
-528 0
-533 1
-528 0
-532 16
-524 0
-534 18
-539 23
-532 16
-532 16
-536 20
-530 14
-542 26
-534 18
-532 16
-524 0
-536 20
-536 20
-530 14
-529 1
-532 16
-524 0
-524 0
-531 15
-537 21
-536 20
-529 1
-531 15
-536 20
-537 21
-529 1
-539 23
-532 16
-530 14
-531 15
-535 19
-535 19
-536 20
-539 23
-539 23
-534 18
-534 18
-542 26
-539 23
-537 21
-532 16
-524 0
-529 1
-529 1
-530 14
-542 26
-524 0
-522 0
-542 20
-539 17
-542 20
-539 17
-537 15
-523 1
-527 5
-526 4
-524 2
-528 6
-530 8
-533 11
-523 1
-536 14
-529 7
-530 8
-537 15
-533 11
-524 2
-536 14
-525 3
-531 9
-535 13
-531 9
-529 7
-532 10
-534 12
-522 0
-532 10
-537 15
-534 12
-535 13
-526 4
-526 4
-525 3
-525 3
-527 5
-535 13
-532 10
-534 12
-528 6
-527 5
-528 6
-530 8
-522 0
-534 12
-531 9
-520 0
-542 22
-534 2
-535 15
-531 1
-520 0
-531 1
-542 22
-539 19
-534 2
-539 19
-539 19
-537 17
-536 16
-537 17
-539 19
-534 2
-535 15
-537 17
-536 16
-536 16
-535 15
-520 0
-537 17
-531 1
-534 2
-535 15
-539 19
-535 15
-536 16
-537 17
-536 16
-534 2
-535 15
-534 2
-542 22
-542 22
-535 15
-534 2
-534 2
-535 15
-536 16
-537 17
-536 16
-542 22
-531 1
-534 2
-537 17
