-632 158
-518 44
-522 48
-499 25
-495 21
-514 40
-647 173
-579 105
-594 120
-652 178
-642 168
-687 213
-479 5
-504 30
-589 115
-532 58
-584 110
-527 53
-677 203
-509 35
-682 208
-692 218
-672 198
-662 188
-637 163
-667 193
-537 63
-657 183
-569 95
-574 100
-559 85
-599 125
-564 90
-604 130
-490 16
-704 274
-609 135
-484 10
-554 80
-542 68
-627 153
-621 147
-615 141
-548 74
-697 223
-698 268
-474 0
-709 279
-708 260
-522 0
-699 251
-698 176
-676 154
-681 159
-689 167
-626 104
-631 109
-671 149
-694 172
-546 24
-704 256
-526 4
-659 137
-590 68
-538 16
-639 117
-643 121
-663 141
-551 29
-586 64
-582 60
-647 125
-534 12
-622 100
-635 113
-667 145
-602 80
-542 20
-685 163
-618 96
-594 72
-530 8
-578 56
-614 92
-606 84
-655 133
-651 129
-610 88
-567 45
-554 32
-574 52
-571 49
-558 36
-564 42
-561 39
-598 76
-508 0
-698 236
-686 224
-685 177
-550 42
-587 79
-542 34
-592 84
-521 13
-608 100
-555 47
-613 105
-537 29
-516 8
-525 17
-673 165
-559 51
-653 145
-583 75
-661 153
-571 63
-596 88
-681 173
-621 113
-641 133
-563 55
-677 169
-579 71
-657 149
-665 157
-567 59
-625 117
-529 21
-617 109
-690 228
-637 129
-546 38
-669 161
-600 92
-629 121
-645 137
-633 125
-512 4
-649 141
-575 67
-604 96
-533 25
-694 232
-457 11
-674 228
-478 32
-511 65
-625 179
-669 223
-483 37
-594 148
-604 158
-468 22
-599 153
-572 126
-690 254
-473 27
-545 99
-567 121
-679 233
-609 163
-685 249
-684 238
-641 195
-550 104
-451 5
-577 131
-658 212
-506 60
-488 42
-463 17
-562 116
-614 168
-540 94
-589 143
-516 70
-664 218
-630 184
-620 174
-653 207
-636 190
-534 88
-556 110
-494 48
-647 201
-522 76
-528 82
-583 137
-500 54
-446 0
-695 259
-524 0
-702 226
-693 169
-694 198
-701 205
-608 84
-680 156
-685 161
-627 103
-632 108
-603 79
-586 62
-640 116
-676 152
-566 42
-582 58
-578 54
-653 129
-574 50
-619 95
-657 133
-558 34
-535 11
-672 148
-623 99
-539 15
-570 46
-689 165
-590 66
-543 19
-531 7
-554 30
-636 112
-594 70
-562 38
-668 144
-644 120
-550 26
-527 3
-697 201
-547 23
-664 140
-612 88
-661 137
-615 91
-649 125
-647 123
-598 74
-646 126
-530 10
-609 89
-661 141
-665 145
-612 92
-643 123
-568 48
-639 119
-527 7
-606 86
-649 129
-571 51
-636 116
-602 82
-533 13
-523 3
-557 37
-599 79
-560 40
-669 149
-545 25
-583 63
-653 133
-587 67
-541 21
-677 157
-624 104
-681 161
-575 55
-591 71
-673 153
-685 165
-657 137
-628 108
-595 75
-616 96
-579 59
-549 29
-632 112
-553 33
-537 17
-564 44
-620 100
-690 194
-689 169
-693 197
-520 0
-531 137
-675 283
-675 283
-461 67
-436 42
-556 162
-562 168
-600 206
-581 187
-505 111
-499 105
-430 36
-400 6
-418 24
-487 93
-424 30
-537 143
-406 12
-412 18
-455 61
-493 99
-654 260
-449 55
-442 48
-634 240
-620 226
-467 73
-640 246
-575 181
-660 266
-568 174
-543 149
-481 87
-511 117
-594 200
-587 193
-525 131
-550 156
-518 124
-614 220
-606 212
-647 253
-474 80
-627 233
-667 273
-685 293
-686 556
-394 0
-683 209
-665 191
-664 190
-548 50
-555 57
-611 113
-545 47
-552 54
-529 31
-541 43
-533 35
-571 73
-559 61
-537 39
-637 139
-598 100
-633 135
-614 116
-641 143
-567 69
-563 65
-602 104
-679 205
-670 196
-507 9
-516 18
-502 4
-511 13
-693 219
-584 86
-520 22
-575 77
-674 200
-525 27
-607 109
-580 82
-629 131
-594 96
-624 126
-589 91
-688 214
-645 147
-619 121
-651 153
-659 185
-656 158
-697 223
-498 0
-460 0
-703 243
-692 232
-685 225
-626 166
-643 183
-632 172
-620 160
-698 238
-679 219
-649 189
-637 177
-669 209
-600 140
-520 60
-485 25
-654 194
-490 30
-575 115
-580 120
-605 145
-664 204
-674 214
-515 55
-560 100
-505 45
-659 199
-570 110
-525 65
-595 135
-475 15
-495 35
-510 50
-615 155
-470 10
-550 90
-465 5
-585 125
-540 80
-555 95
-565 105
-610 150
-545 85
-480 20
-535 75
-530 70
-500 40
-590 130
-688 190
-625 127
-679 181
-539 41
-552 54
-613 115
-609 111
-621 123
-617 119
-638 140
-698 210
-507 9
-675 177
-583 85
-596 98
-694 206
-600 102
-526 28
-570 72
-642 144
-634 136
-556 58
-657 159
-565 67
-503 5
-548 50
-592 94
-629 131
-605 107
-587 89
-579 81
-574 76
-661 163
-671 173
-535 37
-543 45
-530 32
-561 63
-683 185
-511 13
-652 154
-521 23
-647 149
-516 18
-666 168
-689 201
-702 214
-498 0
-704 214
-490 0
-552 62
-623 133
-671 181
-681 191
-647 157
-661 171
-566 76
-628 138
-633 143
-666 176
-600 110
-699 209
-676 186
-557 67
-605 115
-652 162
-543 53
-656 166
-609 119
-516 26
-507 17
-561 71
-595 105
-521 31
-512 22
-686 196
-614 124
-618 128
-638 148
-694 204
-547 57
-642 152
-529 39
-495 5
-571 81
-525 35
-583 93
-579 89
-690 200
-503 13
-534 44
-587 97
-575 85
-499 9
-591 101
-538 48
-704 260
-446 0
-698 254
-468 22
-564 118
-691 247
-500 54
-535 89
-506 60
-518 72
-558 112
-462 16
-541 95
-512 66
-602 156
-665 221
-547 101
-659 215
-456 10
-613 167
-670 226
-576 130
-676 232
-529 83
-494 48
-624 178
-524 78
-607 161
-552 106
-474 28
-618 172
-629 183
-635 189
-596 150
-489 43
-484 38
-640 194
-581 135
-586 140
-451 5
-681 237
-645 199
-591 145
-479 33
-686 242
-650 204
-654 210
-570 124
-446 0
-689 243
-682 236
-575 129
-484 38
-478 32
-463 17
-452 6
-457 11
-581 135
-676 230
-666 220
-473 27
-586 140
-671 225
-606 160
-519 73
-529 83
-616 170
-468 22
-661 215
-509 63
-591 145
-651 205
-631 185
-646 200
-539 93
-544 98
-656 210
-554 108
-559 113
-499 53
-636 190
-524 78
-611 165
-626 180
-596 150
-489 43
-621 175
-549 103
-534 88
-514 68
-641 195
-504 58
-601 155
-494 48
-564 118
-569 123
-502 0
-702 290
-698 226
-701 289
-693 191
-694 222
-669 167
-605 103
-654 152
-688 186
-569 67
-600 98
-595 93
-623 121
-649 147
-674 172
-659 157
-664 162
-618 116
-679 177
-628 126
-644 142
-610 108
-590 88
-564 62
-531 29
-574 72
-683 181
-523 21
-518 16
-536 34
-510 8
-527 25
-552 50
-544 42
-582 80
-514 12
-556 54
-586 84
-578 76
-506 4
-640 138
-614 112
-548 46
-636 134
-560 58
-540 38
-632 130
-529 49
-573 93
-601 121
-686 206
-524 44
-533 53
-690 210
-520 40
-577 97
-597 117
-510 30
-500 20
-495 15
-582 102
-558 78
-676 196
-636 156
-548 68
-611 131
-553 73
-587 107
-626 146
-538 58
-671 191
-515 35
-606 126
-485 5
-563 83
-621 141
-666 186
-490 10
-661 181
-656 176
-641 161
-616 136
-651 171
-646 166
-631 151
-568 88
-681 201
-543 63
-592 112
-505 25
-702 356
-695 215
-696 350
-708 362
-480 0
-482 0
-698 216
-692 210
-582 100
-672 190
-677 195
-682 200
-577 95
-687 205
-562 80
-667 185
-567 85
-608 126
-662 180
-572 90
-652 170
-505 23
-603 121
-587 105
-531 49
-545 63
-621 139
-639 157
-500 18
-613 131
-510 28
-647 165
-634 152
-536 54
-519 37
-557 75
-491 9
-626 144
-540 58
-487 5
-514 32
-496 14
-595 113
-591 109
-630 148
-527 45
-553 71
-643 161
-523 41
-549 67
-599 117
-617 135
-657 175
-534 0
-708 256
-696 244
-695 161
-700 248
-661 127
-704 252
-642 108
-673 139
-590 56
-598 64
-622 88
-669 135
-553 19
-646 112
-594 60
-561 27
-665 131
-586 52
-634 100
-549 15
-630 96
-557 23
-677 143
-626 92
-650 116
-538 4
-638 104
-608 74
-654 120
-545 11
-684 150
-582 48
-565 31
-602 68
-688 154
-618 84
-657 123
-568 34
-691 157
-681 147
-612 78
-542 8
-576 42
-605 71
-615 81
-579 45
-572 38
-688 272
-478 0
-660 182
-662 226
-685 249
-675 239
-538 60
-622 144
-510 32
-680 244
-617 139
-612 134
-602 124
-556 78
-627 149
-637 159
-505 27
-533 55
-607 129
-632 154
-584 106
-483 5
-575 97
-642 164
-528 50
-496 18
-491 13
-561 83
-515 37
-524 46
-589 111
-500 22
-655 177
-651 173
-646 168
-670 234
-580 102
-597 119
-543 65
-519 41
-551 73
-593 115
-666 230
-547 69
-487 9
-565 87
-571 93
-569 91
-697 189
-508 0
-520 12
-609 101
-614 106
-676 168
-681 173
-525 17
-626 118
-618 110
-516 8
-529 21
-561 53
-581 73
-646 138
-533 25
-650 142
-685 177
-654 146
-565 57
-537 29
-585 77
-689 181
-638 130
-622 114
-573 65
-589 81
-549 41
-597 89
-693 185
-545 37
-512 4
-630 122
-672 164
-642 134
-569 61
-593 85
-557 49
-541 33
-634 126
-577 69
-553 45
-665 157
-668 160
-658 150
-661 153
-601 93
-605 97
-676 208
-492 0
-667 199
-666 174
-662 170
-671 203
-657 165
-637 145
-613 121
-629 137
-554 62
-574 82
-546 54
-578 86
-641 149
-534 42
-542 50
-530 38
-625 133
-566 74
-649 157
-621 129
-562 70
-633 141
-645 153
-538 46
-601 109
-570 78
-582 90
-519 27
-597 105
-605 113
-653 161
-515 23
-558 66
-617 125
-511 19
-507 15
-609 117
-593 101
-503 11
-496 4
-523 31
-499 7
-586 94
-526 34
-589 97
-550 58
