param n:= 98 ;
param r:= 2 ;

param Tmax:= 1000 ;

param cant_clases:= 10 ;

param b:=
0 0
1 4.0
2 12.0
3 3.0
4 15.0
5 13.0
6 20.0
7 21.0
8 4.0
9 25.0
10 21.0
11 7.0
12 3.0
13 9.0
14 5.0
15 20.0
16 21.0
17 19.0
18 2.0
19 16.0
20 18.0
21 24.0
22 24.0
23 8.0
24 16.0
25 19.0
26 12.0
27 9.0
28 3.0
29 15.0
30 4.0
31 24.0
32 22.0
33 14.0
34 11.0
35 20.0
36 5.0
37 11.0
38 12.0
39 7.0
40 1.0
41 23.0
42 13.0
43 4.0
44 23.0
45 17.0
46 13.0
47 9.0
48 10.0
49 22.0
50 21.0
51 13.0
52 25.0
53 8.0
54 20.0
55 3.0
56 4.0
57 13.0
58 18.0
59 1.0
60 10.0
61 16.0
62 9.0
63 13.0
64 23.0
65 14.0
66 5.0
67 1.0
68 6.0
69 20.0
70 10.0
71 19.0
72 24.0
73 3.0
74 5.0
75 13.0
76 5.0
77 4.0
78 12.0
79 11.0
80 20.0
81 13.0
82 1.0
83 3.0
84 2.0
85 23.0
86 8.0
87 25.0
88 18.0
89 4.0
90 5.0
91 21.0
92 23.0
93 19.0
94 2.0
95 21.0
96 10.0
97 0
;

param o:=
0 0
1 389
2 444
3 275
4 367
5 413
6 66
7 232
8 473
9 351
10 302
11 411
12 146
13 214
14 128
15 158
16 447
17 134
18 81
19 418
20 455
21 369
22 99
23 150
24 126
25 429
26 254
27 255
28 161
29 236
30 176
31 298
32 142
33 404
34 101
35 236
36 391
37 354
38 183
39 392
40 425
41 170
42 182
43 136
44 287
45 289
46 354
47 284
48 153
49 310
50 186
51 400
52 305
53 263
54 446
55 260
56 211
57 148
58 133
59 407
60 70
61 262
62 101
63 147
64 207
65 212
66 325
67 101
68 418
69 400
70 477
71 96
72 95
73 86
74 453
75 355
76 407
77 451
78 417
79 116
80 123
81 455
82 385
83 402
84 203
85 213
86 169
87 436
88 361
89 113
90 112
91 302
92 187
93 299
94 85
95 196
96 229
97 0
;

param e:=
0 0
1 12.0
2 1.0
3 1.0
4 15.0
5 10.0
6 12.0
7 15.0
8 16.0
9 18.0
10 9.0
11 5.0
12 19.0
13 11.0
14 12.0
15 13.0
16 8.0
17 14.0
18 9.0
19 2.0
20 25.0
21 6.0
22 16.0
23 18.0
24 4.0
25 17.0
26 4.0
27 22.0
28 12.0
29 13.0
30 5.0
31 24.0
32 12.0
33 16.0
34 8.0
35 10.0
36 15.0
37 21.0
38 5.0
39 9.0
40 5.0
41 9.0
42 20.0
43 14.0
44 24.0
45 23.0
46 12.0
47 13.0
48 19.0
49 21.0
50 5.0
51 9.0
52 23.0
53 8.0
54 5.0
55 8.0
56 10.0
57 9.0
58 21.0
59 12.0
60 8.0
61 4.0
62 14.0
63 19.0
64 23.0
65 4.0
66 9.0
67 1.0
68 21.0
69 20.0
70 24.0
71 22.0
72 25.0
73 19.0
74 14.0
75 11.0
76 22.0
77 25.0
78 5.0
79 10.0
80 4.0
81 4.0
82 6.0
83 22.0
84 17.0
85 22.0
86 3.0
87 25.0
88 22.0
89 23.0
90 16.0
91 13.0
92 23.0
93 1.0
94 11.0
95 19.0
96 21.0
97 0
;

param c:=
0 1000
1 536
2 558
3 412
4 524
5 589
6 173
7 357
8 601
9 506
10 448
11 574
12 279
13 306
14 234
15 263
16 573
17 239
18 211
19 575
20 586
21 517
22 190
23 277
24 298
25 564
26 408
27 400
28 292
29 329
30 300
31 465
32 243
33 577
34 273
35 365
36 533
37 510
38 335
39 541
40 580
41 323
42 313
43 257
44 440
45 381
46 483
47 445
48 273
49 441
50 277
51 492
52 469
53 378
54 587
55 392
56 382
57 297
58 303
59 497
60 195
61 384
62 267
63 273
64 300
65 382
66 454
67 198
68 577
69 575
70 591
71 212
72 220
73 203
74 577
75 506
76 544
77 629
78 544
79 220
80 218
81 630
82 495
83 513
84 369
85 392
86 331
87 588
88 534
89 217
90 258
91 443
92 361
93 430
94 203
95 345
96 325
97 1000
;

param t
:	0	1	2	3	4	5	6	7	8	9	10	11	12	13	14	15	16	17	18	19	20	21	22	23	24	25	26	27	28	29	30	31	32	33	34	35	36	37	38	39	40	41	42	43	44	45	46	47	48	49	50	51	52	53	54	55	56	57	58	59	60	61	62	63	64	65	66	67	68	69	70	71	72	73	74	75	76	77	78	79	80	81	82	83	84	85	86	87	88	89	90	91	92	93	94	95	96	97 :=
0	0.0	6.85	44.6	65.77	58.55	82.0	73.04	82.86	126.1	24.39	45.72	27.76	56.77	94.3	45.12	29.13	53.74	37.73	43.79	46.48	59.95	27.34	18.39	41.02	53.57	16.08	32.13	108.65	25.24	15.88	39.95	48.56	8.35	12.55	86.89	45.75	38.38	32.94	73.27	108.62	71.72	37.47	18.29	54.73	37.59	37.07	26.56	5.94	54.27	75.92	77.16	63.45	34.76	57.35	20.97	51.08	31.53	15.41	25.52	30.33	12.48	39.89	33.77	69.36	52.54	4.62	33.72	42.82	85.64	28.76	31.66	37.77	11.7	31.66	52.61	72.55	70.52	55.68	17.14	34.59	52.04	30.81	46.93	48.11	35.02	22.46	44.48	6.12	13.25	31.81	52.96	30.82	66.84	62.77	20.5	11.16	34.38	0.0
1	6.85	0.0	37.77	59.86	64.06	79.95	66.45	80.05	132.73	26.51	39.09	33.05	50.79	101.15	38.38	28.68	56.17	40.67	36.98	51.64	63.64	31.52	12.52	42.04	46.73	22.43	36.32	113.12	30.6	22.25	40.52	53.72	8.07	6.82	91.07	50.39	33.06	36.79	78.35	110.27	73.82	44.32	11.75	61.58	41.45	42.65	28.02	2.86	47.79	79.55	70.37	56.61	40.95	52.74	26.94	55.37	25.39	20.55	32.08	37.14	18.13	46.13	38.35	76.07	54.68	6.11	27.94	36.05	90.74	31.07	38.51	33.27	17.65	36.2	57.4	71.61	64.06	61.75	10.92	39.73	45.19	36.78	50.99	47.02	41.65	17.36	50.84	10.6	6.84	37.81	58.99	33.88	71.32	68.01	18.37	17.85	27.71	6.85
2	44.6	37.77	0.0	37.82	98.83	75.34	30.29	70.94	168.78	52.93	6.78	68.44	30.45	138.74	11.16	50.76	76.93	65.87	8.4	82.99	88.63	64.82	30.06	64.99	9.33	58.95	69.14	138.94	66.28	59.69	62.24	87.85	40.85	32.94	120.78	83.28	29.34	65.58	108.01	122.61	96.59	82.01	27.89	99.27	69.52	78.22	55.72	39.06	14.73	107.74	34.81	20.08	77.8	44.6	63.77	83.36	22.47	56.65	69.64	74.57	53.85	83.02	69.07	113.74	74.53	42.19	25.16	9.96	120.03	56.58	76.21	35.19	53.87	67.05	87.02	81.27	34.42	98.03	28.33	74.44	7.9	71.6	82.24	60.61	78.32	31.12	86.4	46.53	31.62	74.37	95.22	64.28	98.87	98.78	37.84	55.59	15.17	44.6
3	65.77	59.86	37.82	0.0	103.62	112.95	52.55	108.01	190.56	83.4	44.23	78.66	9.13	155.49	27.61	52.37	110.97	97.62	30.54	111.31	121.09	72.66	47.44	61.09	33.67	81.83	75.3	171.49	77.41	76.06	58.09	92.73	66.6	58.91	115.21	86.84	28.05	95.38	137.83	159.7	85.21	100.16	48.34	116.56	99.86	87.12	60.23	62.41	48.64	101.38	29.05	29.38	89.75	19.4	77.7	114.06	34.51	70.6	85.1	94.53	77.95	94.46	97.69	126.67	108.84	65.9	32.05	29.87	150.2	87.74	94.55	31.29	77.37	95.54	116.69	59.45	13.16	106.29	55.82	82.39	33.69	96.54	83.6	48.98	100.22	43.54	110.13	70.46	56.87	86.01	103.61	68.69	130.05	127.68	69.34	74.12	34.45	65.77
4	58.55	64.06	98.83	103.62	0.0	135.29	128.95	138.07	102.29	73.17	101.82	31.02	96.85	61.41	94.93	51.82	92.59	78.66	94.91	69.66	89.7	34.03	68.79	43.38	106.48	53.67	29.9	122.43	33.46	43.18	46.16	11.16	66.21	70.74	34.45	16.79	78.3	71.46	87.45	144.35	42.51	37.05	71.23	36.76	73.99	21.48	44.63	64.33	111.0	30.55	125.33	114.29	25.22	86.43	37.68	79.35	78.54	43.51	35.56	42.79	57.88	21.27	67.86	31.07	93.04	62.84	77.91	93.36	96.63	75.32	38.51	73.28	56.76	67.23	76.42	68.75	113.64	9.5	74.96	24.52	104.98	56.45	20.49	57.89	47.61	68.25	54.22	60.79	70.87	27.21	9.86	35.7	88.65	78.38	77.71	48.42	84.83	58.55
5	82.0	79.95	75.34	112.95	135.29	0.0	72.03	9.53	156.27	62.17	68.76	107.56	105.78	143.54	86.27	108.16	50.79	58.67	83.33	75.94	62.91	108.86	85.67	121.97	79.8	81.73	113.51	96.95	105.09	94.0	120.34	127.31	73.72	74.0	167.22	125.99	99.67	65.43	84.63	58.33	153.61	101.2	82.16	113.35	64.48	115.14	107.92	77.97	65.21	157.29	99.68	87.7	110.14	118.56	99.64	67.83	89.72	96.53	99.89	93.7	78.03	114.09	69.95	132.31	48.76	77.45	93.67	84.5	91.67	60.03	97.8	103.87	79.29	69.83	73.23	149.21	107.0	129.29	72.43	114.24	79.5	81.04	128.12	125.13	91.22	90.76	90.76	77.37	75.34	108.69	127.1	112.81	73.76	82.18	61.75	88.97	84.35	82.0
6	73.04	66.45	30.29	52.55	128.95	72.03	0.0	64.53	192.83	75.08	27.39	98.33	49.6	165.7	37.2	80.83	92.23	85.36	35.96	104.77	105.59	94.98	60.19	94.77	24.36	85.73	99.36	153.76	96.08	88.7	91.94	118.03	67.73	60.64	150.88	113.54	57.28	87.19	127.2	127.6	125.72	109.68	57.75	126.76	90.28	108.12	85.99	67.19	18.97	137.71	29.56	23.25	107.25	67.04	93.17	102.81	52.28	86.26	98.52	101.83	80.39	112.46	91.47	142.33	89.54	69.88	54.39	37.76	138.42	77.64	104.01	63.4	80.71	89.71	107.33	107.1	41.76	127.78	55.95	104.49	25.58	96.52	112.52	88.87	104.56	61.4	111.3	73.75	59.79	103.94	124.98	94.57	116.93	119.27	61.0	84.2	45.15	73.04
7	82.86	80.05	70.94	108.01	138.07	9.53	64.53	0.0	164.2	65.02	64.21	109.37	101.31	149.88	82.05	107.59	57.55	63.5	79.17	81.88	70.33	110.09	84.45	121.78	74.48	84.41	114.83	106.23	106.86	95.9	119.95	129.57	74.5	73.74	169.16	127.82	96.84	69.89	92.51	67.69	153.86	105.17	80.9	118.23	69.5	117.44	108.05	78.34	59.6	158.69	92.91	81.64	112.85	115.01	101.57	74.34	87.13	97.85	102.52	97.41	80.29	117.06	74.6	137.09	55.3	78.25	91.02	80.47	100.08	63.48	101.37	101.43	81.47	74.23	79.8	147.46	101.22	132.58	71.6	116.16	74.34	85.3	129.57	123.79	95.55	89.28	96.04	78.72	74.86	111.12	130.28	113.57	81.51	89.37	62.36	90.74	81.27	82.86
8	126.1	132.73	168.78	190.56	102.29	156.27	192.83	164.2	0.0	117.75	167.83	114.09	181.91	41.24	171.08	141.02	107.65	108.61	169.51	88.44	94.12	120.77	144.23	139.76	178.1	110.39	119.94	74.04	114.67	114.5	141.73	108.87	128.09	136.19	124.73	114.66	162.51	105.78	71.69	123.66	144.46	90.45	144.38	74.76	103.11	107.98	133.12	130.74	174.32	129.04	202.85	188.61	103.15	177.92	113.28	92.48	157.33	120.11	105.75	96.17	115.2	99.47	101.38	71.29	110.22	127.33	158.97	168.7	65.54	115.33	96.01	159.87	115.36	103.12	87.26	170.23	196.51	94.34	140.62	112.71	176.63	97.19	119.88	154.62	91.09	147.3	82.39	122.75	137.8	106.68	96.01	126.53	82.71	75.99	132.15	116.63	160.44	126.1
9	24.39	26.51	52.93	83.4	73.17	62.17	75.08	65.02	117.75	0.0	50.78	45.9	74.3	92.58	58.18	53.52	29.67	14.39	55.88	30.18	37.82	48.18	38.14	64.92	62.15	19.56	52.55	88.09	43.52	32.42	64.09	65.18	18.45	24.84	105.19	64.17	58.49	12.65	55.26	84.25	94.27	40.94	36.02	55.96	16.72	53.02	50.47	23.66	56.64	95.78	87.74	72.99	47.99	78.71	37.9	30.85	49.47	36.06	37.72	32.86	16.25	52.06	16.46	74.07	28.27	21.05	52.77	55.64	67.44	4.57	36.61	59.49	17.59	14.63	34.14	96.93	85.08	67.57	27.58	52.4	60.79	22.81	66.73	72.48	32.5	43.47	36.9	18.37	26.93	46.53	65.25	53.16	46.75	45.84	15.1	27.75	49.1	24.39
10	45.72	39.09	6.78	44.23	101.82	68.76	27.39	64.21	167.83	50.78	0.0	71.06	37.12	139.07	17.94	55.38	72.98	62.95	15.17	80.97	85.18	67.96	33.3	69.86	12.63	59.01	72.45	135.18	68.78	61.32	67.22	90.99	40.85	33.44	125.11	86.71	35.54	63.37	105.28	117.04	101.85	82.68	30.61	99.85	67.05	80.84	59.71	39.92	9.38	112.28	37.89	23.18	79.86	51.37	65.79	80.58	27.8	58.91	71.17	74.97	53.74	85.07	67.18	115.07	70.48	42.74	30.9	16.67	117.12	54.08	76.95	41.22	53.94	65.24	84.53	87.6	39.78	100.43	28.73	77.32	11.74	70.77	86.03	66.4	78.16	35.29	85.62	46.79	32.48	76.57	97.64	68.01	95.78	96.4	35.86	56.88	20.55	45.72
11	27.76	33.05	68.44	78.66	31.02	107.56	98.33	109.37	114.09	45.9	71.06	0.0	70.78	77.08	65.62	27.07	70.62	54.9	65.24	53.15	71.83	6.76	38.45	27.74	76.5	26.93	8.11	114.15	2.54	13.56	28.92	20.8	35.74	39.76	59.79	18.45	51.29	48.03	77.32	125.42	49.98	25.75	40.6	39.34	51.75	9.79	19.08	33.42	80.14	49.88	97.06	85.0	11.16	64.15	8.0	61.4	49.43	12.5	11.76	24.8	29.68	15.82	45.89	48.06	70.35	32.2	49.55	63.81	88.76	49.03	21.97	47.37	28.38	44.52	60.39	61.85	86.97	29.64	43.94	6.86	74.98	36.2	20.86	41.57	31.93	38.79	42.32	30.78	39.85	7.46	26.83	13.16	74.64	66.76	47.63	18.64	55.09	27.76
12	56.77	50.79	30.45	9.13	96.85	105.78	49.6	101.31	181.91	74.3	37.12	70.78	0.0	147.3	19.61	45.14	102.02	88.54	22.58	102.2	112.02	65.01	38.41	55.2	28.0	72.85	67.94	162.39	69.4	67.48	52.16	85.83	57.48	49.78	110.56	80.08	19.61	86.26	128.71	151.27	81.6	91.61	39.23	108.18	90.74	79.53	52.79	53.32	42.7	96.77	30.89	26.6	81.79	17.66	69.38	104.94	25.42	62.19	76.7	85.79	68.89	86.61	88.57	118.84	99.91	56.81	23.09	21.65	141.07	78.65	85.95	23.68	68.33	86.41	107.57	58.49	16.89	98.99	46.73	74.87	27.68	87.5	77.17	44.49	91.37	34.69	101.19	61.38	47.75	78.05	96.27	61.47	120.93	118.56	60.32	65.35	25.45	56.77
13	94.3	101.15	138.74	155.49	61.41	143.54	165.7	149.88	41.24	92.58	139.07	77.08	147.3	0.0	139.08	104.08	92.77	87.68	137.96	68.1	81.76	83.46	111.34	100.86	147.83	80.07	81.85	86.17	78.14	80.43	103.09	68.79	98.22	105.86	83.99	74.79	127.69	82.66	64.5	126.68	103.32	56.84	112.19	39.61	81.58	69.66	96.05	99.69	146.74	87.82	171.2	157.73	65.92	141.15	77.95	75.72	124.01	85.22	70.78	64.18	85.36	61.54	77.77	30.81	94.8	96.57	125.01	136.88	65.81	91.51	62.66	124.25	85.14	78.91	70.33	129.89	162.91	53.97	110.54	74.5	146.3	69.9	79.86	115.87	61.17	113.48	55.84	92.33	107.12	69.63	55.92	88.6	73.04	62.59	105.09	83.67	128.23	94.3
14	45.12	38.38	11.16	27.61	94.93	86.27	37.2	82.05	171.08	58.18	17.94	65.62	19.61	139.08	0.0	44.55	84.33	71.94	2.97	87.51	95.21	61.11	27.85	57.95	12.84	60.69	65.04	145.71	63.7	58.8	55.05	83.79	43.38	35.24	114.33	78.75	20.09	70.64	113.38	132.11	88.53	82.3	26.93	99.47	74.89	75.21	50.62	40.34	25.03	100.96	32.12	19.41	75.79	33.52	62.1	89.02	16.39	54.75	68.68	75.43	56.0	80.94	73.59	112.58	82.08	43.78	17.58	2.54	125.61	62.24	76.47	26.21	55.75	71.48	92.2	71.13	26.9	95.17	31.22	71.04	11.66	74.47	77.05	51.72	80.02	26.85	88.95	48.39	33.46	72.18	92.36	59.49	104.85	103.67	43.4	55.42	10.85	45.12
15	29.13	28.68	50.76	52.37	51.82	108.16	80.83	107.59	141.02	53.52	55.38	27.07	45.14	104.08	44.55	0.0	82.74	66.6	45.13	72.19	87.95	20.62	23.74	14.72	56.96	40.85	22.93	134.89	26.35	29.27	12.47	40.73	36.13	34.17	70.06	35.12	26.55	61.22	98.45	137.74	47.24	51.36	27.26	66.27	65.77	34.86	8.03	31.11	64.73	56.98	73.7	63.5	38.21	37.09	28.42	78.41	28.58	22.94	35.89	47.83	39.81	42.57	61.14	74.57	81.62	32.81	27.0	43.41	110.55	57.87	46.44	21.49	38.6	59.19	79.0	43.42	61.86	53.93	35.99	30.08	55.57	54.95	32.76	19.06	54.66	20.22	65.37	35.18	32.83	34.53	51.24	16.35	93.55	87.71	47.0	30.21	35.68	29.13
16	53.74	56.17	76.93	110.97	92.59	50.79	92.23	57.55	107.65	29.67	72.98	70.62	102.02	92.77	84.33	82.74	0.0	16.24	81.7	25.89	13.93	74.46	67.51	93.17	85.44	44.2	78.24	62.24	68.59	58.25	92.67	86.98	48.1	53.9	126.62	87.55	87.52	22.64	36.73	55.31	120.52	55.84	65.12	64.78	18.98	75.44	78.94	53.32	76.09	119.12	110.86	96.15	69.06	107.92	62.96	17.08	78.07	63.23	60.05	49.89	43.42	71.7	25.07	83.65	2.73	50.68	81.59	81.84	46.76	25.13	54.16	88.93	44.74	26.18	22.44	126.08	110.9	85.0	55.84	76.23	84.31	36.21	91.12	101.79	45.21	72.94	41.81	47.63	55.98	68.9	83.3	80.24	25.72	31.96	41.79	54.61	76.57	53.74
17	37.73	40.67	65.87	97.62	78.66	58.67	85.36	63.5	108.61	14.39	62.95	54.9	88.54	87.68	71.94	66.6	16.24	0.0	69.51	20.36	23.48	58.44	52.5	76.94	74.88	28.18	62.35	73.9	52.77	42.22	76.43	72.19	32.68	39.23	112.17	72.28	72.89	7.2	42.34	71.53	104.61	42.93	50.42	54.78	6.11	60.35	62.71	37.81	67.7	104.01	100.55	85.74	54.31	93.08	47.1	17.65	63.84	47.05	44.79	35.98	27.18	57.45	11.3	73.69	15.53	34.94	67.15	69.4	54.2	9.91	40.23	73.81	28.5	11.48	21.97	109.89	98.81	71.73	41.83	60.76	73.6	22.64	75.59	85.66	32.67	57.79	32.63	31.62	41.32	53.76	69.78	64.11	33.02	33.91	28.54	38.43	63.22	37.73
18	43.79	36.98	8.4	30.54	94.91	83.33	35.96	79.17	169.51	55.88	15.17	65.24	22.58	137.96	2.97	45.13	81.7	69.51	0.0	85.4	92.72	60.97	27.06	58.85	11.83	59.13	65.02	143.21	63.25	57.88	55.99	83.8	41.58	33.42	115.11	78.89	21.69	68.4	111.13	129.21	89.83	81.13	25.79	98.35	72.6	74.9	50.86	38.8	22.68	101.83	33.4	19.92	75.21	36.21	61.39	86.69	16.61	54.08	67.81	74.12	54.33	80.39	71.47	111.82	79.42	42.19	18.43	1.81	123.32	59.88	75.31	27.74	54.15	69.37	89.97	73.25	29.32	94.85	29.24	70.83	10.45	72.69	77.39	53.29	78.51	26.66	87.26	46.76	31.73	71.64	92.04	59.67	102.47	101.51	41.0	54.3	10.14	43.79
19	46.48	51.64	82.99	111.31	69.66	75.94	104.77	81.88	88.44	30.18	80.97	53.15	102.2	68.1	87.51	72.19	25.89	20.36	85.4	0.0	20.05	58.52	64.16	79.33	92.24	31.52	61.26	62.72	51.7	43.6	79.61	65.79	44.74	52.63	104.1	67.61	84.65	17.65	26.79	74.72	102.43	32.7	62.98	39.11	14.68	55.39	66.41	48.97	86.61	98.11	117.77	103.06	48.45	103.82	46.7	9.85	76.81	49.73	41.47	28.96	34.01	49.88	13.95	57.86	27.45	45.53	79.56	84.98	39.17	27.15	32.82	84.24	34.88	16.03	7.24	113.61	114.26	61.31	56.32	57.39	90.87	17.41	71.95	90.72	22.54	68.78	16.3	41.1	54.6	49.33	59.97	65.01	21.63	16.38	45.21	41.98	77.76	46.48
20	59.95	63.64	88.63	121.09	89.7	62.91	105.59	70.33	94.12	37.82	85.18	71.83	112.02	81.76	95.21	87.95	13.93	23.48	92.72	20.05	0.0	76.64	75.74	96.75	97.43	47.42	79.83	50.5	70.13	60.9	96.68	85.65	55.8	62.65	124.14	87.2	96.23	27.01	22.84	54.69	121.62	52.73	73.79	58.13	22.36	74.94	83.09	60.79	88.95	118.0	123.04	108.25	68.1	116.31	64.79	10.54	87.29	66.62	60.4	48.49	48.2	69.8	26.89	76.36	16.64	57.72	90.57	92.68	32.96	33.39	52.52	96.91	49.37	28.78	13.61	130.61	122.04	81.31	65.31	76.6	96.23	35.65	91.34	106.92	42.43	80.93	35.97	53.94	64.74	68.7	80.01	82.91	11.79	19.38	51.89	58.25	86.68	59.95
21	27.34	31.52	64.82	72.66	34.03	108.86	94.98	110.09	120.77	48.18	67.96	6.76	65.01	83.46	61.11	20.62	74.46	58.44	60.97	58.52	76.64	0.0	34.79	21.32	72.48	30.27	4.82	120.11	7.07	16.22	22.29	23.05	35.66	38.34	59.64	18.98	45.7	51.84	83.28	129.59	46.24	32.4	37.36	46.06	55.84	14.53	12.59	32.46	77.21	48.61	92.08	80.51	17.68	57.68	11.86	66.35	44.75	12.33	17.78	30.83	32.02	21.95	50.2	54.04	73.97	31.95	44.48	59.45	94.88	51.72	28.34	41.42	30.66	48.65	65.71	55.63	81.42	34.28	42.13	10.0	70.98	41.27	19.6	34.85	37.98	34.31	48.53	31.49	38.07	14.09	31.5	6.65	80.12	72.65	47.8	20.45	50.86	27.34
22	18.39	12.52	30.06	47.44	68.79	85.67	60.19	84.45	144.23	38.14	33.3	38.45	38.41	111.34	27.85	23.74	67.51	52.5	27.06	64.16	75.74	34.79	0.0	38.43	38.07	34.47	39.2	125.49	36.35	30.97	36.19	57.84	19.96	13.74	92.14	53.43	20.6	49.08	90.86	120.63	70.97	54.66	3.57	71.75	53.71	48.2	26.69	15.23	42.63	79.63	59.92	46.97	48.18	40.59	34.33	67.74	13.15	27.03	40.84	48.13	30.52	53.37	50.83	84.78	65.82	18.63	15.44	25.78	103.25	42.7	48.86	21.42	29.93	48.67	69.88	63.64	52.29	68.08	13.46	44.38	36.55	49.1	52.76	39.47	53.26	5.55	62.87	23.1	11.75	44.64	65.27	34.75	83.71	80.53	26.93	27.81	17.02	18.39
23	41.02	42.04	64.99	61.09	43.38	121.97	94.77	121.78	139.76	64.92	69.86	27.74	55.2	100.86	57.95	14.72	93.17	76.94	58.85	79.33	96.75	21.32	38.43	0.0	70.63	49.44	20.34	141.31	28.38	35.9	3.04	33.15	48.82	48.07	56.44	26.98	38.64	70.88	104.5	148.47	32.54	53.46	41.92	65.74	75.19	31.82	14.47	44.16	79.18	43.01	85.25	76.3	37.38	43.18	32.75	86.68	42.57	30.17	39.1	52.13	49.76	40.41	69.94	70.3	92.34	45.23	40.44	57.08	116.17	69.01	49.64	32.77	48.44	68.19	86.45	34.38	72.08	47.81	50.31	27.22	69.3	61.95	22.92	15.01	59.27	34.89	69.85	46.69	46.92	34.31	45.45	14.67	100.96	93.83	60.36	38.69	49.83	41.02
24	53.57	46.73	9.33	33.67	106.48	79.8	24.36	74.48	178.1	62.15	12.63	76.5	28.0	147.83	12.84	56.96	85.44	74.88	11.83	92.24	97.43	72.48	38.07	70.63	0.0	68.18	76.62	147.59	74.43	68.38	67.75	95.4	50.12	42.15	126.92	90.58	32.92	74.79	117.11	129.48	101.36	91.04	36.3	108.3	78.67	86.23	62.62	48.15	14.98	113.63	25.67	10.87	86.19	44.38	72.23	92.43	28.43	65.01	78.34	83.7	63.11	91.4	78.34	122.46	82.97	51.34	30.19	13.56	129.07	65.71	85.23	39.04	63.1	76.33	96.18	83.39	27.52	106.14	37.58	82.27	1.54	80.93	89.17	64.53	87.57	38.26	95.71	55.74	40.76	82.69	103.32	71.39	107.83	107.97	47.06	64.46	21.67	53.57
25	16.08	22.43	58.95	81.83	53.67	81.73	85.73	84.41	110.39	19.56	59.01	26.93	72.85	80.07	60.69	40.85	44.2	28.18	59.13	31.52	47.42	30.27	34.47	49.44	68.18	0.0	34.19	94.22	24.7	14.05	49.27	45.64	18.17	26.03	85.7	44.87	54.3	21.62	58.15	99.42	76.44	24.21	34.16	41.06	25.79	33.5	35.67	20.35	66.76	76.6	92.51	78.44	28.46	72.74	19.01	37.62	47.59	19.27	18.16	16.15	5.37	32.7	20.54	57.59	43.7	16.95	49.78	58.31	70.44	22.23	18.87	53.25	5.09	18.75	38.19	83.19	86.47	48.44	30.62	33.15	66.67	14.92	47.77	59.65	19.41	38.42	28.43	12.44	27.5	26.98	46.02	36.07	52.72	47.49	26.32	10.83	50.1	16.08
26	32.13	36.32	69.14	75.3	29.9	113.51	99.36	114.83	119.94	52.55	72.45	8.11	67.94	81.85	65.04	22.93	78.24	62.35	65.02	61.26	79.83	4.82	39.2	20.34	76.62	34.19	0.0	122.2	9.72	20.26	21.93	18.78	40.44	43.14	54.82	14.3	48.89	55.61	85.38	133.21	42.28	33.3	41.88	45.55	59.47	12.19	15.15	37.28	81.74	43.87	95.65	84.41	17.07	59.55	15.28	69.44	48.65	16.99	19.87	32.88	36.32	20.49	53.7	51.87	77.86	36.74	48.11	63.47	96.75	55.96	29.91	44.26	34.97	52.24	68.48	54.04	84.53	31.05	46.9	7.35	75.13	44.24	14.8	34.81	39.99	38.37	50.3	36.17	42.85	13.98	28.34	6.78	82.76	74.84	52.57	24.82	54.96	32.13
27	108.65	113.12	138.94	171.49	122.43	96.95	153.76	106.23	74.04	88.09	135.18	114.15	162.39	86.17	145.71	134.89	62.24	73.9	143.21	62.72	50.5	120.11	125.49	141.31	147.59	94.22	122.2	0.0	113.09	106.04	141.84	122.26	105.55	112.78	155.38	125.65	146.08	76.42	36.84	51.21	161.07	89.87	123.79	85.74	71.83	114.12	128.91	110.32	138.23	152.9	173.08	158.34	107.12	165.83	108.58	57.75	137.46	112.27	102.44	89.36	96.31	106.82	74.9	98.24	64.79	107.06	140.59	143.18	25.9	83.76	92.35	146.28	97.3	77.03	56.11	175.69	172.52	112.97	115.67	117.17	146.43	79.96	130.62	153.29	82.22	130.48	72.0	102.92	114.86	109.0	112.77	126.74	41.83	47.48	102.38	104.69	137.12	108.65
28	25.24	30.6	66.28	77.41	33.46	105.09	96.08	106.86	114.67	43.52	68.78	2.54	69.4	78.14	63.7	26.35	68.59	52.77	63.25	51.7	70.13	7.07	36.35	28.38	74.43	24.7	9.72	113.09	0.0	11.12	29.31	23.33	33.21	37.29	62.31	20.96	49.85	45.97	76.26	123.5	51.94	25.52	38.41	39.92	49.78	12.09	18.49	30.93	77.83	52.3	95.28	83.06	12.4	63.34	5.69	59.76	47.6	10.05	10.72	23.77	27.28	17.36	43.98	49.51	68.25	29.67	47.86	61.85	87.83	46.72	21.3	46.14	25.96	42.55	58.92	62.68	85.46	31.75	41.51	9.4	72.9	34.59	23.21	41.75	30.93	36.92	41.47	28.24	37.42	8.66	28.94	13.71	73.26	65.64	45.09	16.14	53.11	25.24
29	15.88	22.25	59.69	76.06	43.18	94.0	88.7	95.9	114.5	32.42	61.32	13.56	67.48	80.43	58.8	29.27	58.25	42.22	57.88	43.6	60.9	16.22	30.97	35.9	68.38	14.05	20.26	106.04	11.12	0.0	36.03	33.8	23.08	28.42	73.29	31.99	48.01	35.64	69.41	113.43	62.43	24.12	32.15	40.92	39.72	21.83	22.87	21.82	70.02	63.42	90.89	77.78	18.9	64.28	5.67	50.79	43.59	6.33	9.96	18.93	16.17	24.01	34.21	54.08	57.75	19.84	44.75	56.69	81.4	35.71	18.49	45.53	14.85	32.57	50.64	70.05	82.62	39.84	32.97	20.27	66.84	26.19	34.31	47.26	25.5	33.13	36.17	17.63	28.99	16.09	37.13	22.1	65.19	58.67	34.57	5.25	47.96	15.88
30	39.95	40.52	62.24	58.09	46.16	120.34	91.94	119.95	141.73	64.09	67.22	28.92	52.16	103.09	55.05	12.47	92.67	76.43	55.99	79.61	96.68	22.29	36.19	3.04	67.75	49.27	21.93	141.84	29.31	36.03	0.0	35.78	47.55	46.35	59.41	29.63	35.65	70.53	105.07	147.93	34.87	54.67	39.72	67.47	74.92	33.74	13.73	42.75	76.51	45.93	82.22	73.32	38.99	40.31	33.31	86.72	39.79	30.08	39.97	52.9	49.26	42.27	69.8	72.63	91.76	44.03	37.57	54.22	116.84	68.26	50.61	29.75	47.96	68.0	86.67	34.02	69.04	50.32	48.38	29.04	66.43	62.2	25.75	12.9	60.02	32.43	70.67	45.77	45.11	35.77	47.91	15.76	101.22	94.37	58.88	38.46	47.07	39.95
31	48.56	53.72	87.85	92.73	11.16	127.31	118.03	129.57	108.87	65.18	90.99	20.8	85.83	68.79	83.79	40.73	86.98	72.19	83.8	65.79	85.65	23.05	57.84	33.15	95.4	45.64	18.78	122.26	23.33	33.8	35.78	0.0	56.5	60.48	40.1	6.19	67.18	65.03	86.24	140.27	39.12	33.39	60.38	38.33	68.07	12.17	33.47	54.21	100.21	32.36	114.18	103.15	17.93	75.85	28.15	75.13	67.4	33.26	27.62	37.34	49.33	15.95	61.93	37.98	87.14	52.99	66.76	82.24	96.36	67.78	33.19	62.21	48.12	61.01	72.86	61.37	102.58	14.9	64.57	14.0	93.91	50.88	11.07	47.99	43.26	57.15	51.53	51.37	60.48	18.67	12.89	24.56	86.03	76.47	68.29	39.04	73.74	48.56
32	8.35	8.07	40.85	66.6	66.21	73.72	67.73	74.5	128.09	18.45	40.85	35.74	57.48	98.22	43.38	36.13	48.1	32.68	41.58	44.74	55.8	35.66	19.96	48.82	50.12	18.17	40.44	105.55	33.21	23.08	47.55	56.5	0.0	8.15	95.15	53.92	40.53	29.13	71.25	102.26	79.92	41.95	18.33	59.05	33.75	44.78	34.46	5.25	48.78	84.26	74.79	60.52	41.84	60.51	28.54	47.82	32.14	23.59	32.01	34.13	13.0	46.83	31.11	74.86	46.6	3.75	35.09	40.92	83.62	23.02	36.31	41.15	13.09	28.95	50.15	79.35	69.81	62.78	12.54	42.6	48.63	31.12	55.24	54.77	37.48	25.14	45.74	6.05	9.96	39.17	60.11	39.14	63.81	61.09	12.15	17.91	33.2	8.35
33	12.55	6.82	32.94	58.91	70.74	74.0	60.64	73.74	136.19	24.84	33.44	39.76	49.78	105.86	35.24	34.17	53.9	39.23	33.42	52.63	62.65	38.34	13.74	48.07	42.15	26.03	43.14	112.78	37.29	28.42	46.35	60.48	8.15	0.0	97.88	57.21	33.7	36.48	78.97	106.91	80.15	49.27	11.23	66.49	41.0	49.29	34.36	6.61	41.79	86.3	66.66	52.46	47.28	54.03	33.39	55.18	24.68	27.26	38.04	41.68	21.01	52.42	38.86	81.7	52.15	9.32	27.93	32.77	91.32	29.34	43.53	35.11	20.96	36.71	57.8	76.31	61.73	68.18	4.71	46.48	40.64	39.27	57.8	51.8	45.42	19.27	53.87	13.6	2.09	44.26	65.44	40.58	71.19	68.94	13.37	23.66	25.15	12.55
34	86.89	91.07	120.78	115.21	34.45	167.22	150.88	169.16	124.73	105.19	125.11	59.79	110.56	83.99	114.33	70.06	126.62	112.17	115.11	104.1	124.14	59.64	92.14	56.44	126.92	85.7	54.82	155.38	62.31	73.29	59.41	40.1	95.15	97.88	0.0	41.35	95.05	104.98	121.29	178.8	32.0	71.44	95.27	69.89	107.83	52.21	65.47	92.1	134.49	13.83	141.18	132.73	57.87	96.03	67.63	113.77	98.62	71.56	67.73	76.73	89.19	54.92	101.68	58.59	126.93	91.48	96.77	113.36	129.84	107.87	72.47	89.11	87.94	100.88	110.87	64.18	127.19	43.27	101.44	53.02	125.56	90.41	40.08	66.26	81.93	89.84	88.65	90.5	97.46	58.77	44.24	57.66	122.98	112.55	107.21	78.43	105.74	86.89
35	45.75	50.39	83.28	86.84	16.79	125.99	113.54	127.82	114.66	64.17	86.71	18.45	80.08	74.79	78.75	35.12	87.55	72.28	78.89	67.61	87.2	18.98	53.43	26.98	90.58	44.87	14.3	125.65	20.96	31.99	29.63	6.19	53.92	57.21	41.35	0.0	61.65	65.22	89.28	141.57	35.43	35.98	56.16	43.04	68.57	12.26	28.17	51.16	96.01	31.76	108.75	98.03	19.17	69.77	26.36	76.65	62.38	30.35	27.52	38.72	48.02	18.84	62.51	43.99	87.52	50.3	61.52	77.29	99.79	67.1	34.79	56.54	46.74	61.39	74.78	55.68	96.88	21.03	61.08	11.77	89.1	51.85	5.36	41.81	45.15	52.34	54.18	49.16	57.01	18.67	18.88	19.26	88.37	79.24	65.93	37.09	68.91	45.75
36	38.38	33.06	29.34	28.05	78.3	99.67	57.28	96.84	162.51	58.49	35.54	51.29	19.61	127.69	20.09	26.55	87.52	72.89	21.69	84.65	96.23	45.7	20.6	38.64	32.92	54.3	48.89	146.08	49.85	48.01	35.65	67.18	40.53	33.7	95.05	61.65	0.0	69.67	111.39	139.51	68.5	72.11	22.47	88.6	74.28	60.22	33.78	35.81	44.06	81.51	47.16	37.68	62.24	20.48	49.77	88.34	10.15	42.61	57.12	66.52	50.79	67.1	71.41	99.33	85.69	39.17	6.2	19.89	123.78	63.02	66.5	6.13	50.08	69.25	90.46	52.07	35.72	79.87	31.84	55.64	31.75	69.16	59.24	31.64	72.32	15.92	82.38	43.55	31.6	58.5	77.12	42.64	104.31	101.0	46.03	46.14	15.68	38.38
37	32.94	36.79	65.58	95.38	71.46	65.43	87.19	69.89	105.78	12.65	63.37	48.03	86.26	82.66	70.64	61.22	22.64	7.2	68.4	17.65	27.01	51.84	49.08	70.88	74.79	21.62	55.61	76.42	45.97	35.64	70.53	65.03	29.13	36.48	104.98	65.22	69.67	0.0	42.74	77.8	97.88	35.89	47.39	48.4	4.67	53.24	56.83	33.96	68.97	96.91	100.39	85.64	47.13	89.54	40.33	18.71	61.11	40.78	37.71	28.81	21.42	50.26	4.91	67.21	22.34	30.79	64.19	68.1	55.0	9.55	33.05	70.05	22.67	4.4	21.57	104.25	97.51	64.57	39.72	53.77	73.44	15.63	68.62	80.26	25.79	54.14	26.97	26.93	38.54	46.65	62.6	57.68	34.72	33.2	27.74	32.19	61.3	32.94
38	73.27	78.35	108.01	137.83	87.45	84.63	127.2	92.51	71.69	55.26	105.28	77.32	128.71	64.5	113.38	98.45	36.73	42.34	111.13	26.79	22.84	83.28	90.86	104.5	117.11	58.15	85.38	36.84	76.26	69.41	105.07	86.24	71.25	78.97	121.29	89.28	111.39	42.74	0.0	62.85	124.71	53.34	89.56	51.53	38.55	77.55	92.26	75.65	109.92	117.6	142.78	127.98	70.52	130.61	71.78	24.7	103.38	75.68	65.6	52.52	60.8	70.54	40.14	66.92	39.42	72.23	106.23	110.84	12.39	51.43	55.57	111.03	61.66	42.3	21.19	138.87	140.26	78.18	82.41	80.45	115.81	43.53	94.15	116.66	45.39	95.55	35.28	67.85	80.98	72.27	77.63	89.91	11.11	10.74	70.28	68.35	103.97	73.27
39	108.62	110.27	122.61	159.7	144.35	58.33	127.6	67.69	123.66	84.25	117.04	125.42	151.27	126.68	132.11	137.74	55.31	71.53	129.21	74.72	54.69	129.59	120.63	148.47	129.48	99.42	133.21	51.21	123.5	113.43	147.93	140.27	102.26	106.91	178.8	141.57	139.51	77.8	62.85	0.0	175.4	107.42	117.8	111.45	73.76	129.32	134.21	107.51	116.61	172.62	152.72	139.11	122.59	159.94	117.95	65.16	129.53	118.53	114.37	102.98	98.71	124.46	79.53	128.62	56.19	105.21	133.35	129.83	61.4	79.87	107.08	141.83	100.04	80.97	67.95	181.15	156.81	135.83	107.84	130.65	128.74	89.73	145.51	156.73	97.1	126.17	90.32	102.56	108.89	122.95	134.61	135.48	57.14	68.36	93.77	109.91	126.5	108.62
40	71.72	73.82	96.59	85.21	42.51	153.61	125.72	153.86	144.46	94.27	101.85	49.98	81.6	103.32	88.53	47.24	120.52	104.61	89.83	102.43	121.62	46.24	70.97	32.54	101.36	76.44	42.28	161.07	51.94	62.43	34.87	39.12	79.92	80.15	32.0	35.43	68.5	97.88	124.71	175.4	0.0	71.38	74.46	77.33	101.71	47.28	45.81	75.66	111.06	19.24	112.49	105.67	54.33	65.81	57.56	111.12	74.16	58.2	61.21	73.49	78.21	54.25	95.87	73.5	120.13	76.21	71.53	88.02	135.2	97.92	69.8	62.37	76.85	94.48	109.66	32.26	97.73	51.39	82.68	45.06	100.14	85.97	30.62	37.36	80.22	67.3	89.55	76.82	79.15	53.11	50.5	41.16	123.52	114.62	91.86	66.63	81.48	71.72
41	37.47	44.32	82.01	100.16	37.05	101.2	109.68	105.17	90.45	40.94	82.68	25.75	91.61	56.84	82.3	51.36	55.84	42.93	81.13	32.7	52.73	32.4	54.66	53.46	91.04	24.21	33.3	89.87	25.52	24.12	54.67	33.39	41.95	49.27	71.44	35.98	72.11	35.89	53.34	107.42	71.38	0.0	55.38	17.26	37.71	24.25	43.79	42.96	90.72	65.55	114.42	100.89	17.26	87.75	23.04	42.32	67.53	29.67	15.49	8.22	29.57	17.45	31.72	33.49	56.49	39.96	68.84	80.07	64.11	41.76	5.83	69.43	29.08	31.5	39.63	87.33	106.66	29.16	53.98	27.49	89.51	20.29	40.81	67.24	10.63	57.19	18.21	35.93	50.42	19.46	27.53	38.91	52.64	43.27	50.43	26.88	71.46	37.47
42	18.29	11.75	27.89	48.34	71.23	82.16	57.75	80.9	144.38	36.02	30.61	40.6	39.23	112.19	26.93	27.26	65.12	50.42	25.79	62.98	73.79	37.36	3.57	41.92	36.3	34.16	41.88	123.79	38.41	32.15	39.72	60.38	18.33	11.23	95.27	56.16	22.47	47.39	89.56	117.8	74.46	55.38	0.0	72.58	51.97	50.39	29.89	14.12	39.86	82.86	59.04	45.65	49.94	42.8	35.94	66.1	13.83	28.77	42.1	48.52	29.84	55.15	49.43	86.19	63.34	17.63	16.8	24.69	101.94	40.54	49.56	24.04	29.4	47.27	68.47	67.1	52.31	70.16	10.18	46.75	34.76	48.49	55.71	42.99	53.3	8.72	62.59	22.25	9.15	46.49	67.35	37.73	82.1	79.35	24.03	28.52	16.12	18.29
43	54.73	61.58	99.27	116.56	36.76	113.35	126.76	118.23	74.76	55.96	99.85	39.34	108.18	39.61	99.47	66.27	64.78	54.78	98.35	39.11	58.13	46.06	71.75	65.74	108.3	41.06	45.55	85.74	39.92	40.92	67.47	38.33	59.05	66.49	69.89	43.04	88.6	48.4	51.53	111.45	77.33	17.26	72.58	0.0	48.88	34.03	58.36	60.21	107.79	67.31	131.59	118.14	28.54	103.22	38.87	48.8	84.5	45.99	31.48	24.93	46.42	25.44	43.63	18.98	66.05	57.17	85.63	97.27	60.03	55.92	23.08	85.52	46.05	44.12	44.56	98.08	123.53	27.27	71.19	38.52	106.77	33.44	48.39	80.35	23.46	74.04	22.97	53.07	67.67	31.98	27.31	51.99	54.43	43.45	66.9	44.06	88.63	54.73
44	37.59	41.45	69.52	99.86	73.99	64.48	90.28	69.5	103.11	16.72	67.05	51.75	90.74	81.58	74.89	65.77	18.98	6.11	72.6	14.68	22.36	55.84	53.71	75.19	78.67	25.79	59.47	71.83	49.78	39.72	74.92	68.07	33.75	41.0	107.83	68.57	74.28	4.67	38.55	73.76	101.71	37.71	51.97	48.88	0.0	56.46	61.23	38.61	72.3	100.15	104.31	89.53	50.13	94.18	44.19	14.2	65.66	45.04	41.07	31.2	25.96	52.94	6.15	67.83	19.1	35.45	68.77	72.35	50.72	12.97	35.48	74.71	27.18	7.24	17.51	108.7	101.78	66.74	44.12	57.27	77.35	17.57	72.16	84.79	27.25	58.79	26.56	31.59	43.07	49.92	64.9	61.81	30.19	29.36	31.73	36.5	65.69	37.59
45	37.07	42.65	78.22	87.12	21.48	115.14	108.12	117.44	107.98	53.02	80.84	9.79	79.53	69.66	75.21	34.86	75.44	60.35	74.9	55.39	74.94	14.53	48.2	31.82	86.23	33.5	12.19	114.12	12.09	21.83	33.74	12.17	44.78	49.29	52.21	12.26	60.22	53.24	77.55	129.32	47.28	24.25	50.39	34.03	56.46	0.0	26.9	42.85	89.91	43.7	106.46	94.61	7.05	71.69	16.25	64.4	58.94	22.12	15.59	26.47	37.17	8.6	50.37	39.74	75.47	41.37	58.86	73.45	88.35	55.67	22.59	55.92	35.97	49.32	62.58	64.25	95.94	19.96	53.57	4.84	84.71	39.61	16.67	46.64	32.99	48.35	42.31	39.46	49.47	6.6	17.15	18.96	76.27	67.36	56.4	27.09	64.76	37.07
46	26.56	28.02	55.72	60.23	44.63	107.92	85.99	108.05	133.12	50.47	59.71	19.08	52.79	96.05	50.62	8.03	78.94	62.71	50.86	66.41	83.09	12.59	26.69	14.47	62.62	35.67	15.15	128.91	18.49	22.87	13.73	33.47	34.46	34.36	65.47	28.17	33.78	56.83	92.26	134.21	45.81	43.79	29.89	58.36	61.23	26.9	0.0	29.95	69.09	52.98	80.7	69.86	30.2	45.11	21.12	73.22	34.28	16.68	28.42	40.79	35.54	34.54	56.2	66.58	78.04	30.83	33.35	49.22	104.21	54.59	39.08	29.12	34.23	54.36	73.39	47.53	69.38	46.19	37.11	22.15	61.17	49.02	26.56	24.4	47.78	24.6	58.5	32.22	33.44	26.54	43.47	8.93	87.95	81.53	46.18	24.84	41.0	26.56
47	5.94	2.86	39.06	62.41	64.33	77.97	67.19	78.34	130.74	23.66	39.92	33.42	53.32	99.69	40.34	31.11	53.32	37.81	38.8	48.97	60.79	32.46	15.23	44.16	48.15	20.35	37.28	110.32	30.93	21.82	42.75	54.21	5.25	6.61	92.1	51.16	35.81	33.96	75.65	107.51	75.66	42.96	14.12	60.21	38.61	42.85	29.95	0.0	48.38	80.82	72.19	58.24	40.69	55.57	26.85	52.57	27.9	20.95	31.43	35.55	15.77	45.82	35.6	75.16	51.85	3.51	30.59	37.95	88.03	28.22	37.18	36.12	15.43	33.44	54.65	74.21	66.3	61.6	11.24	40.21	46.63	34.41	52.04	49.62	39.72	20.18	48.66	8.14	7.47	37.71	58.87	35.3	68.52	65.35	16.23	17.06	29.8	5.94
48	54.27	47.79	14.73	48.64	111.0	65.21	18.97	59.6	174.32	56.64	9.38	80.14	42.7	146.74	25.03	64.73	76.09	67.7	22.68	86.61	88.95	77.21	42.63	79.18	14.98	66.76	81.74	138.23	77.83	70.02	76.51	100.21	48.78	41.79	134.49	96.01	44.06	68.97	109.92	116.61	111.06	90.72	39.86	107.79	72.3	89.91	69.09	48.38	0.0	121.66	36.16	22.72	88.71	58.34	74.65	85.31	36.92	67.9	79.78	82.86	61.42	93.9	73.09	123.46	73.48	50.99	39.82	24.41	121.46	59.47	85.07	49.92	61.74	71.26	89.59	95.91	41.79	109.4	37.13	86.48	15.06	77.7	95.39	75.31	85.61	44.67	92.51	54.8	41.05	85.49	106.61	77.37	99.98	101.53	42.24	65.42	29.61	54.27
49	75.92	79.55	107.74	101.38	30.55	157.29	137.71	158.69	129.04	95.78	112.28	49.88	96.77	87.82	100.96	56.98	119.12	104.01	101.83	98.11	118.0	48.61	79.63	43.01	113.63	76.6	43.87	152.9	52.3	63.42	45.93	32.36	84.26	86.3	13.83	31.76	81.51	96.91	117.6	172.62	19.24	65.55	82.86	67.31	100.15	43.7	52.98	80.82	121.66	0.0	127.43	119.19	50.14	82.2	57.88	107.49	85.44	60.86	59.21	69.68	79.56	48.22	94.05	59.56	119.17	80.53	83.44	100.07	127.07	98.82	65.54	75.52	78.26	93.02	105.14	51.43	113.38	40.05	89.61	43.46	112.28	83.15	29.18	52.44	75.59	77.0	83.5	80.02	85.72	50.27	40.13	45.73	118.08	108.2	96.4	68.36	92.63	75.92
50	77.16	70.37	34.81	29.05	125.33	99.68	29.56	92.91	202.85	87.74	37.89	97.06	30.89	171.2	32.12	73.7	110.86	100.55	33.4	117.77	123.04	92.08	59.92	85.25	25.67	92.51	95.65	173.08	95.28	90.89	82.22	114.18	74.79	66.66	141.18	108.75	47.16	100.39	142.78	152.72	112.49	114.42	59.04	131.59	104.31	106.46	80.7	72.19	36.16	127.43	0.0	14.81	107.53	47.62	94.02	118.1	47.7	86.65	100.73	107.49	87.65	112.62	103.84	144.48	108.35	75.56	47.61	34.36	154.75	91.36	108.59	52.64	87.5	101.8	121.82	88.34	15.96	126.35	62.3	102.08	26.97	105.86	106.39	75.32	111.9	58.39	120.52	80.11	65.05	103.86	123.56	89.62	133.5	133.58	72.64	87.54	42.97	77.16
51	63.45	56.61	20.08	29.38	114.29	87.7	23.25	81.64	188.61	72.99	23.18	85.0	26.6	157.73	19.41	63.5	96.15	85.74	19.92	103.06	108.25	80.51	46.97	76.3	10.87	78.44	84.41	158.34	83.06	77.78	73.32	103.15	60.52	52.46	132.73	98.03	37.68	85.64	127.98	139.11	105.67	100.89	45.65	118.14	89.53	94.61	69.86	58.24	22.72	119.19	14.81	0.0	95.09	44.21	81.3	103.3	35.77	73.98	87.71	93.74	73.47	100.26	89.15	131.74	93.66	61.53	36.56	21.22	139.94	76.58	95.07	43.68	73.4	87.12	107.04	84.8	19.77	114.57	47.99	90.44	12.2	91.49	96.17	68.34	97.86	46.26	106.22	66.01	50.95	91.5	111.76	78.77	118.69	118.82	57.89	74.12	29.99	63.45
52	34.76	40.95	77.8	89.75	25.22	110.14	107.25	112.85	103.15	47.99	79.86	11.16	81.79	65.92	75.79	38.21	69.06	54.31	75.21	48.45	68.1	17.68	48.18	37.38	86.19	28.46	17.07	107.12	12.4	18.9	38.99	17.93	41.84	47.28	57.87	19.17	62.24	47.13	70.52	122.59	54.33	17.26	49.94	28.54	50.13	7.05	30.2	40.69	88.71	50.14	107.53	95.09	0.0	75.29	14.08	57.56	59.82	21.18	10.35	19.62	32.71	5.22	44.0	37.12	69.21	38.71	60.21	73.87	81.37	50.28	15.63	58.46	31.62	43.09	55.62	70.59	97.85	20.95	51.78	10.44	84.66	33.0	23.71	51.85	25.99	49.13	35.27	36.14	47.76	3.75	18.27	23.45	69.25	60.32	52.91	23.95	65.1	34.76
53	57.35	52.74	44.6	19.4	86.43	118.56	67.04	115.01	177.92	78.71	51.37	64.15	17.66	141.15	33.52	37.09	107.92	93.08	36.21	103.82	116.31	57.68	40.59	43.18	44.38	72.74	59.55	165.83	63.34	64.28	40.31	75.85	60.51	54.03	96.03	69.77	20.48	89.54	130.61	159.94	65.81	87.75	42.8	103.22	94.18	71.69	45.11	55.57	58.34	82.2	47.62	44.21	75.29	0.0	64.74	108.1	30.42	58.24	72.29	83.21	69.81	79.61	90.96	111.42	106.12	58.78	26.6	34.73	142.97	83.26	82.49	19.58	68.95	88.82	109.92	40.93	32.18	90.0	52.32	66.86	43.76	87.65	66.06	30.02	89.57	35.39	100.02	62.93	51.95	71.62	87.44	52.78	124.01	120.07	66.5	63.5	34.41	57.35
54	20.97	26.94	63.77	77.7	37.68	99.64	93.17	101.57	113.28	37.9	65.79	8.0	69.38	77.95	62.1	28.42	62.96	47.1	61.39	46.7	64.79	11.86	34.33	32.75	72.23	19.01	15.28	108.58	5.69	5.67	33.31	28.15	28.54	33.39	67.63	26.36	49.77	40.33	71.78	117.95	57.56	23.04	35.94	38.87	44.19	16.25	21.12	26.85	74.65	57.88	94.02	81.3	14.08	64.74	0.0	54.49	46.39	7.37	7.56	19.72	21.69	19.29	38.46	50.48	62.59	25.17	47.12	60.1	83.54	41.05	18.02	46.66	20.4	36.97	53.88	67.12	85.0	34.81	37.82	14.61	70.69	29.42	28.85	45.26	26.78	35.73	37.48	23.24	33.77	10.88	32.06	18.31	68.32	61.09	40.17	10.9	51.33	20.97
55	51.08	55.37	83.36	114.06	79.35	67.83	102.81	74.34	92.48	30.85	80.58	61.4	104.94	75.72	89.02	78.41	17.08	17.65	86.69	9.85	10.54	66.35	67.74	86.68	92.43	37.62	69.44	57.75	59.76	50.79	86.72	75.13	47.82	55.18	113.77	76.65	88.34	18.71	24.7	65.16	111.12	42.32	66.1	48.8	14.2	64.4	73.22	52.57	85.31	107.49	118.1	103.3	57.56	108.1	54.49	0.0	79.82	56.64	49.92	37.95	38.95	59.31	17.37	67.42	19.09	49.32	82.89	86.48	36.68	26.84	41.98	88.57	40.03	19.43	5.47	120.71	115.92	71.1	58.32	66.08	91.14	25.2	80.81	97.27	31.94	72.73	26.13	45.24	57.25	58.17	69.71	72.68	16.01	16.68	45.73	48.42	79.89	51.08
56	31.53	25.39	22.47	34.51	78.54	89.72	52.28	87.13	157.33	49.47	27.8	49.43	25.42	124.01	16.39	28.58	78.07	63.84	16.61	76.81	87.29	44.75	13.15	42.57	28.43	47.59	48.65	137.46	47.6	43.59	39.79	67.4	32.14	24.68	98.62	62.38	10.15	61.11	103.38	129.53	74.16	67.53	13.83	84.5	65.66	58.94	34.28	27.9	36.92	85.44	47.7	35.77	59.82	30.42	46.39	79.82	0.0	39.02	53.28	61.19	43.51	64.92	63.25	96.81	76.14	31.4	3.97	14.95	115.76	53.93	61.76	14.33	42.98	61.09	82.28	60.85	39.2	78.89	22.23	54.71	27.01	62.14	60.79	38.7	66.41	10.69	76.01	35.97	22.6	56.16	76.09	43.13	95.83	93.18	36.35	40.78	7.32	31.53
57	15.41	20.55	56.65	70.6	43.51	96.53	86.26	97.85	120.11	36.06	58.91	12.5	62.19	85.22	54.75	22.94	63.23	47.05	54.08	49.73	66.62	12.33	27.03	30.17	65.01	19.27	16.99	112.27	10.05	6.33	30.08	33.26	23.59	27.26	71.56	30.35	42.61	40.78	75.68	118.53	58.2	29.67	28.77	45.99	45.04	22.12	16.68	20.95	67.9	60.86	86.65	73.98	21.18	58.24	7.37	56.64	39.02	0.0	14.51	25.1	20.09	26.39	39.77	57.84	62.55	19.95	39.8	52.77	87.71	39.77	24.26	39.76	18.74	38.02	56.71	64.08	77.7	41.53	31.46	19.26	63.47	32.35	31.73	41.02	31.79	28.37	42.47	19.18	27.36	17.73	38.73	17.16	71.28	64.94	35.67	8.62	44.0	15.41
58	25.52	32.08	69.64	85.1	35.56	99.89	98.52	102.52	105.75	37.72	71.17	11.76	76.7	70.78	68.68	35.89	60.05	44.79	67.81	41.47	60.4	17.78	40.84	39.1	78.34	18.16	19.87	102.44	10.72	9.96	39.97	27.62	32.01	38.04	67.73	27.52	57.12	37.71	65.6	114.37	61.21	15.49	42.1	31.48	41.07	15.59	28.42	31.43	79.78	59.21	100.73	87.71	10.35	72.29	7.56	49.92	53.28	14.51	0.0	13.08	22.36	14.96	35.04	44.12	60.0	29.11	54.23	66.6	77.12	40.17	10.69	54.15	21.29	33.88	48.71	73.4	92.14	30.95	42.66	16.27	76.8	24.76	31.15	52.26	20.23	42.71	30.75	26.15	38.74	8.99	28.37	24.43	62.91	55.02	42.75	14.38	57.85	25.52
59	30.33	37.14	74.57	94.53	42.79	93.7	101.83	97.41	96.17	32.86	74.97	24.8	85.79	64.18	75.43	47.83	49.89	35.98	74.12	28.96	48.49	30.83	48.13	52.13	83.7	16.15	32.88	89.36	23.77	18.93	52.9	37.34	34.13	41.68	76.73	38.72	66.52	28.81	52.52	102.98	73.49	8.22	48.52	24.93	31.2	26.47	40.79	35.55	82.86	69.68	107.49	93.74	19.62	83.21	19.72	37.95	61.19	25.1	13.08	0.0	21.52	21.81	25.07	41.71	50.26	32.39	62.8	73.14	64.05	33.93	4.28	64.35	21.12	24.5	36.18	86.46	100.38	35.78	46.36	28.48	82.17	13.68	42.99	64.98	7.15	51.14	17.78	28.18	42.96	20.38	33.8	37.47	50.13	41.96	42.26	20.46	64.65	30.33
60	12.48	18.13	53.85	77.95	57.88	78.03	80.39	80.29	115.2	16.25	53.74	29.68	68.89	85.36	56.0	39.81	43.42	27.18	54.33	34.01	48.2	32.02	30.52	49.76	63.11	5.37	36.32	96.31	27.28	16.17	49.26	49.33	13.0	21.01	89.19	48.02	50.79	21.42	60.8	98.71	78.21	29.57	29.84	46.42	25.96	37.17	35.54	15.77	61.42	79.56	87.65	73.47	32.71	69.81	21.69	38.95	43.51	20.09	22.36	21.52	0.0	37.22	21.58	62.92	42.59	12.27	45.95	53.58	73.17	19.71	24.18	50.23	1.36	19.53	40.22	82.85	82.07	53.11	25.52	36.25	61.61	18.65	50.48	58.84	24.49	34.88	32.95	7.63	22.61	30.83	50.61	37.25	54.55	50.29	21.07	11.58	45.55	12.48
61	39.89	46.13	83.02	94.46	21.27	114.09	112.46	117.06	99.47	52.06	85.07	15.82	86.61	61.54	80.94	42.57	71.7	57.45	80.39	49.88	69.8	21.95	53.37	40.41	91.4	32.7	20.49	106.82	17.36	24.01	42.27	15.95	46.83	52.42	54.92	18.84	67.1	50.26	70.54	124.46	54.25	17.45	55.15	25.44	52.94	8.6	34.54	45.82	93.9	48.22	112.62	100.26	5.22	79.61	19.29	59.31	64.92	26.39	14.96	21.81	37.22	0.0	46.79	32.24	72.03	43.77	65.22	79.03	80.96	54.09	17.56	63.17	36.19	46.07	56.93	72.74	102.77	15.99	56.95	13.24	89.86	35.49	23.94	55.17	27.38	54.23	35.63	41.05	52.93	8.76	13.41	27.17	70.09	60.64	57.71	28.98	70.27	39.89
62	33.77	38.35	69.07	97.69	67.86	69.95	91.47	74.6	101.38	16.46	67.18	45.89	88.57	77.77	73.59	61.14	25.07	11.3	71.47	13.95	26.89	50.2	50.83	69.94	78.34	20.54	53.7	74.9	43.98	34.21	69.8	61.93	31.11	38.86	101.68	62.51	71.41	4.91	40.14	79.53	95.87	31.72	49.43	43.63	6.15	50.37	56.2	35.6	73.09	94.05	103.84	89.15	44.0	90.96	38.46	17.37	63.25	39.77	35.04	25.07	21.58	46.79	0.0	62.5	25.24	32.25	66.14	71.07	52.51	14.08	29.35	71.39	22.67	2.16	19.06	103.72	100.38	60.67	42.44	51.28	76.96	11.48	66.17	80.06	21.38	55.67	22.05	28.03	40.86	43.84	58.8	56.3	33.08	30.11	31.35	31.36	63.93	33.77
63	69.36	76.07	113.74	126.67	31.07	132.31	142.33	137.09	71.29	74.07	115.07	48.06	118.84	30.81	112.58	74.57	83.65	73.69	111.82	57.86	76.36	54.04	84.78	70.3	122.46	57.59	51.87	98.24	49.51	54.08	72.63	37.98	74.86	81.7	58.59	43.99	99.33	67.21	66.92	128.62	73.5	33.49	86.19	18.98	67.83	39.74	66.58	75.16	123.46	59.56	144.48	131.74	37.12	111.42	50.48	67.42	96.81	57.84	44.12	41.71	62.92	32.24	62.5	0.0	84.97	72.48	97.31	110.56	73.49	74.38	38.74	95.39	62.32	62.88	62.92	99.14	134.97	23.18	86.38	44.57	120.92	51.98	49.05	85.31	41.79	86.12	41.88	68.81	82.59	40.85	25.11	58.65	71.51	60.26	83.89	58.23	101.8	69.36
64	52.54	54.68	74.53	108.84	93.04	48.76	89.54	55.3	110.22	28.27	70.48	70.35	99.91	94.8	82.08	81.62	2.73	15.53	79.42	27.45	16.64	73.97	65.82	92.34	82.97	43.7	77.86	64.79	68.25	57.75	91.76	87.14	46.6	52.15	126.93	87.52	85.69	22.34	39.42	56.19	120.13	56.49	63.34	66.05	19.1	75.47	78.04	51.85	73.48	119.17	108.35	93.66	69.21	106.12	62.59	19.09	76.14	62.55	60.0	50.26	42.59	72.03	25.24	84.97	0.0	49.31	79.72	79.59	49.49	23.79	54.54	87.24	43.93	26.15	24.52	125.0	108.58	85.62	53.92	76.1	81.87	36.59	90.96	100.64	45.89	71.28	43.09	46.44	54.21	68.9	83.86	79.63	28.43	34.41	39.81	53.94	74.47	52.54
65	4.62	6.11	42.19	65.9	62.84	77.45	69.88	78.25	127.33	21.05	42.74	32.2	56.81	96.57	43.78	32.81	50.68	34.94	42.19	45.53	57.72	31.95	18.63	45.23	51.34	16.95	36.74	107.06	29.67	19.84	44.03	52.99	3.75	9.32	91.48	50.3	39.17	30.79	72.23	105.21	76.21	39.96	17.63	57.17	35.45	41.37	30.83	3.51	50.99	80.53	75.56	61.53	38.71	58.78	25.17	49.32	31.4	19.95	29.11	32.39	12.27	43.77	32.25	72.48	49.31	0.0	34.03	41.38	84.62	25.56	34.21	39.27	11.97	30.1	51.29	76.15	69.8	59.67	14.02	39.05	49.83	30.9	51.53	51.61	36.35	23.43	45.18	4.64	10.59	35.91	56.97	35.39	65.24	61.9	15.89	14.8	33.28	4.62
66	33.72	27.94	25.16	32.05	77.91	93.67	54.39	91.02	158.97	52.77	30.9	49.55	23.09	125.01	17.58	27.0	81.59	67.15	18.43	79.56	90.57	44.48	15.44	40.44	30.19	49.78	48.11	140.59	47.86	44.75	37.57	66.76	35.09	27.93	96.77	61.52	6.2	64.19	106.23	133.35	71.53	68.84	16.8	85.63	68.77	58.86	33.35	30.59	39.82	83.44	47.61	36.56	60.21	26.6	47.12	82.89	3.97	39.8	54.23	62.8	45.95	65.22	66.14	97.31	79.72	34.03	0.0	16.65	118.61	57.26	63.12	10.57	45.34	63.98	85.19	57.19	37.91	78.74	25.81	54.47	28.86	64.5	59.62	35.51	68.28	11.67	78.1	38.53	25.83	56.5	75.96	42.28	98.89	95.94	39.98	42.34	10.42	33.72
67	42.82	36.05	9.96	29.87	93.36	84.5	37.76	80.47	168.7	55.64	16.67	63.81	21.65	136.88	2.54	43.41	81.84	69.4	1.81	84.98	92.68	59.45	25.78	57.08	13.56	58.31	63.47	143.18	61.85	56.69	54.22	82.24	40.92	32.77	113.36	77.29	19.89	68.1	110.84	129.83	88.02	80.07	24.69	97.27	72.35	73.45	49.22	37.95	24.41	100.07	34.36	21.22	73.87	34.73	60.1	86.48	14.95	52.77	66.6	73.14	53.58	79.03	71.07	110.56	79.59	41.38	16.65	0.0	123.07	59.7	74.25	25.92	53.35	68.96	89.67	71.5	29.44	93.41	28.71	69.34	12.21	72.02	75.74	51.48	77.65	25.15	86.52	45.98	31.01	70.28	90.6	58.06	102.31	101.14	40.86	53.21	8.77	42.82
68	85.64	90.74	120.03	150.2	96.63	91.67	138.42	100.08	65.54	67.44	117.12	88.76	141.07	65.81	125.61	110.55	46.76	54.2	123.32	39.17	32.96	94.88	103.25	116.17	129.07	70.44	96.75	25.9	87.83	81.4	116.84	96.36	83.62	91.32	129.84	99.79	123.78	55.0	12.39	61.4	135.2	64.11	101.94	60.03	50.72	88.35	104.21	88.03	121.46	127.07	154.75	139.94	81.37	142.97	83.54	36.68	115.76	87.71	77.12	64.05	73.17	80.96	52.51	73.49	49.49	84.62	118.61	123.07	0.0	63.51	66.84	123.4	74.02	54.67	33.52	150.51	152.5	87.2	94.71	91.51	127.79	55.73	104.8	128.6	56.9	107.94	46.46	80.24	93.34	83.37	86.93	101.52	21.5	22.95	82.4	80.53	116.28	85.64
69	28.76	31.07	56.58	87.74	75.32	60.03	77.64	63.48	115.33	4.57	54.08	49.03	78.65	91.51	62.24	57.87	25.13	9.91	59.88	27.15	33.39	51.72	42.7	69.01	65.71	22.23	55.96	83.76	46.72	35.71	68.26	67.78	23.02	29.34	107.87	67.1	63.02	9.55	51.43	79.87	97.92	41.76	40.54	55.92	12.97	55.67	54.59	28.22	59.47	98.82	91.36	76.58	50.28	83.26	41.05	26.84	53.93	39.77	40.17	33.93	19.71	54.09	14.08	74.38	23.79	25.56	57.26	59.7	63.51	0.0	37.91	64.06	21.07	12.64	30.48	101.28	89.14	69.28	31.93	55.36	64.4	22.48	69.9	76.87	32.59	48.04	35.67	22.69	31.43	49.1	67.07	56.92	42.61	42.32	18.89	31.29	53.37	28.76
70	31.66	38.51	76.21	94.55	38.51	97.8	104.01	101.37	96.01	36.61	76.95	21.97	85.95	62.66	76.47	46.44	54.16	40.23	75.31	32.82	52.52	28.34	48.86	49.64	85.23	18.87	29.91	92.35	21.3	18.49	50.61	33.19	36.31	43.53	72.47	34.79	66.5	33.05	55.57	107.08	69.8	5.83	49.56	23.08	35.48	22.59	39.08	37.18	85.07	65.54	108.59	95.07	15.63	82.49	18.02	41.98	61.76	24.26	10.69	4.28	24.18	17.56	29.35	38.74	54.54	34.21	63.12	74.25	66.84	37.91	0.0	63.96	23.59	28.76	39.99	83.83	100.91	31.58	48.23	24.97	83.7	17.96	39.22	62.95	10.42	51.46	20.38	30.27	44.64	16.79	29.56	34.97	53.72	45.14	45.19	21.07	65.64	31.66
71	37.77	33.27	35.19	31.29	73.28	103.87	63.4	101.43	159.87	59.49	41.22	47.37	23.68	124.25	26.21	21.49	88.93	73.81	27.74	84.24	96.91	41.42	21.42	32.77	39.04	53.25	44.26	146.28	46.14	45.53	29.75	62.21	41.15	35.11	89.11	56.54	6.13	70.05	111.03	141.83	62.37	69.43	24.04	85.52	74.71	55.92	29.12	36.12	49.92	75.52	52.64	43.68	58.46	19.58	46.66	88.57	14.33	39.76	54.15	64.35	50.23	63.17	71.39	95.39	87.24	39.27	10.57	25.92	123.4	64.06	63.96	0.0	49.39	69.26	90.34	46.63	40.37	75.31	34.04	51.23	37.86	68.17	53.87	25.55	70.48	16.02	80.8	43.37	33.07	54.72	72.6	37.8	104.45	100.5	48.06	44.29	20.91	37.77
72	11.7	17.65	53.87	77.37	56.76	79.29	80.71	81.47	115.36	17.59	53.94	28.38	68.33	85.14	55.75	38.6	44.74	28.5	54.15	34.88	49.37	30.66	29.93	48.44	63.1	5.09	34.97	97.3	25.96	14.85	47.96	48.12	13.09	20.96	87.94	46.74	50.08	22.67	61.66	100.04	76.85	29.08	29.4	46.05	27.18	35.97	34.23	15.43	61.74	78.26	87.5	73.4	31.62	68.95	20.4	40.03	42.98	18.74	21.29	21.12	1.36	36.19	22.67	62.32	43.93	11.97	45.34	53.35	74.02	21.07	23.59	49.39	0.0	20.65	41.19	81.59	81.69	52.12	25.54	34.97	61.6	19.17	49.16	57.62	24.47	34.16	33.23	7.39	22.46	29.66	49.6	35.89	55.57	51.11	21.84	10.22	45.23	11.7
73	31.66	36.2	67.05	95.54	67.23	69.83	89.71	74.23	103.12	14.63	65.24	44.52	86.41	78.91	71.48	59.19	26.18	11.48	69.37	16.03	28.78	48.65	48.67	68.19	76.33	18.75	52.24	77.03	42.55	32.57	68.0	61.01	28.95	36.71	100.88	61.39	69.25	4.4	42.3	80.97	94.48	31.5	47.27	44.12	7.24	49.32	54.36	33.44	71.26	93.02	101.8	87.12	43.09	88.82	36.97	19.43	61.09	38.02	33.88	24.5	19.53	46.07	2.16	62.88	26.15	30.1	63.98	68.96	54.67	12.64	28.76	69.26	20.65	0.0	21.22	101.88	98.25	60.25	40.31	50.05	74.94	11.23	64.94	78.14	21.39	53.52	23.09	25.89	38.7	42.76	58.3	54.67	35.2	32.25	29.39	29.54	61.79	31.66
74	52.61	57.4	87.02	116.69	76.42	73.23	107.33	79.8	87.26	34.14	84.53	60.39	107.57	70.33	92.2	79.0	22.44	21.97	89.97	7.24	13.61	65.71	69.88	86.45	96.18	38.19	68.48	56.11	58.92	50.64	86.67	72.86	50.15	57.8	110.87	74.78	90.46	21.57	21.19	67.95	109.66	39.63	68.47	44.56	17.51	62.58	73.39	54.65	89.59	105.14	121.82	107.04	55.62	109.92	53.88	5.47	82.28	56.71	48.71	36.18	40.22	56.93	19.06	62.92	24.52	51.29	85.19	89.67	33.52	30.48	39.99	90.34	41.19	21.22	0.0	120.69	119.07	67.89	61.21	64.63	94.85	24.5	79.16	97.65	29.66	74.69	22.43	47.0	59.83	56.56	66.67	72.18	14.57	11.94	49.21	48.8	82.78	52.61
75	72.55	71.61	81.27	59.45	68.75	149.21	107.1	147.46	170.23	96.93	87.6	61.85	58.49	129.89	71.13	43.42	126.08	109.89	73.25	113.61	130.61	55.63	63.64	34.38	83.39	83.19	54.04	175.69	62.68	70.05	34.02	61.37	79.35	76.31	64.18	55.68	52.07	104.25	138.87	181.15	32.26	87.33	67.1	98.08	108.7	64.25	47.53	74.21	95.91	51.43	88.34	84.8	70.59	40.93	67.12	120.71	60.85	64.08	73.4	86.46	82.85	72.74	103.72	99.14	125.0	76.15	57.19	71.5	150.51	101.28	83.83	46.63	81.59	101.88	120.69	0.0	72.59	75.97	77.06	60.16	82.49	96.21	50.39	24.59	93.61	58.45	104.13	78.59	74.65	67.91	74.22	48.99	135.23	128.21	89.58	72.37	67.53	72.55
76	70.52	64.06	34.42	13.16	113.64	107.0	41.76	101.22	196.51	85.08	39.78	86.97	16.89	162.91	26.9	61.86	110.9	98.81	29.32	114.26	122.04	81.42	52.29	72.08	27.52	86.47	84.53	172.52	85.46	82.62	69.04	102.58	69.81	61.73	127.19	96.88	35.72	97.51	140.26	156.81	97.73	106.66	52.31	123.53	101.78	95.94	69.38	66.3	41.79	113.38	15.96	19.77	97.85	32.18	85.0	115.92	39.2	77.7	92.14	100.38	82.07	102.77	100.38	134.97	108.58	69.8	37.91	29.44	152.5	89.14	100.91	40.37	81.69	98.25	119.07	72.59	0.0	115.55	57.94	91.35	28.12	100.7	94.05	60.97	105.51	49.49	114.9	74.44	59.85	94.12	112.81	78.15	131.75	130.49	70.28	79.98	36.61	70.52
77	55.68	61.75	98.03	106.29	9.5	129.29	127.78	132.58	94.34	67.57	100.43	29.64	98.99	53.97	95.17	53.93	85.0	71.73	94.85	61.31	81.31	34.28	68.08	47.81	106.14	48.44	31.05	112.97	31.75	39.84	50.32	14.9	62.78	68.18	43.27	21.03	79.87	64.57	78.18	135.83	51.39	29.16	70.16	27.27	66.74	19.96	46.19	61.6	109.4	40.05	126.35	114.57	20.95	90.0	34.81	71.1	78.89	41.53	30.95	35.78	53.11	15.99	60.67	23.18	85.62	59.67	78.74	93.41	87.2	69.28	31.58	75.31	52.12	60.25	67.89	75.97	115.55	0.0	72.63	24.28	104.61	49.19	25.93	62.75	39.79	68.32	45.53	57.03	68.58	23.94	2.81	37.6	79.72	69.28	73.69	44.9	84.71	55.68
78	17.14	10.92	28.33	55.82	74.96	72.43	55.95	71.6	140.62	27.58	28.73	43.94	46.73	110.54	31.22	35.99	55.84	41.83	29.24	56.32	65.31	42.13	13.46	50.31	37.58	30.62	46.9	115.67	41.51	32.97	48.38	64.57	12.54	4.71	101.44	61.08	31.84	39.72	82.41	107.84	82.68	53.98	10.18	71.19	44.12	53.57	37.11	11.24	37.13	89.61	62.3	47.99	51.78	52.32	37.82	58.32	22.23	31.46	42.66	46.36	25.52	56.95	42.44	86.38	53.92	14.02	25.81	28.71	94.71	31.93	48.23	34.04	25.54	40.31	61.21	77.06	57.94	72.63	0.0	50.59	36.09	43.56	61.42	52.77	49.99	18.88	58.25	18.22	4.1	48.7	69.88	43.9	74.28	72.55	14.18	28.29	21.58	17.14
79	34.59	39.73	74.44	82.39	24.52	114.24	104.49	116.16	112.71	52.4	77.32	6.86	74.87	74.5	71.04	30.08	76.23	60.76	70.83	57.39	76.6	10.0	44.38	27.22	82.27	33.15	7.35	117.17	9.4	20.27	29.04	14.0	42.6	46.48	53.02	11.77	55.64	53.77	80.45	130.65	45.06	27.49	46.75	38.52	57.27	4.84	22.15	40.21	86.48	43.46	102.08	90.44	10.44	66.86	14.61	66.08	54.71	19.26	16.27	28.48	36.25	13.24	51.28	44.57	76.1	39.05	54.47	69.34	91.51	55.36	24.97	51.23	34.97	50.05	64.63	60.16	91.35	24.28	50.59	0.0	80.76	40.99	14.89	41.94	35.35	44.2	45.18	37.62	46.49	8.19	21.5	14.12	78.6	70.1	54.49	25.42	60.71	34.59
80	52.04	45.19	7.9	33.69	104.98	79.5	25.58	74.34	176.63	60.79	11.74	74.98	27.68	146.3	11.66	55.57	84.31	73.6	10.45	90.87	96.23	70.98	36.55	69.3	1.54	66.67	75.13	146.43	72.9	66.84	66.43	93.91	48.63	40.64	125.56	89.1	31.75	73.44	115.81	128.74	100.14	89.51	34.76	106.77	77.35	84.71	61.17	46.63	15.06	112.28	26.97	12.2	84.66	43.76	70.69	91.14	27.01	63.47	76.8	82.17	61.61	89.86	76.96	120.92	81.87	49.83	28.86	12.21	127.79	64.4	83.7	37.86	61.6	74.94	94.85	82.49	28.12	104.61	36.09	80.76	0.0	79.46	87.72	63.38	86.06	36.77	94.24	54.23	39.24	81.16	101.8	69.93	106.58	106.63	45.7	62.92	20.2	52.04
81	30.81	36.78	71.6	96.54	56.45	81.04	96.52	85.3	97.19	22.81	70.77	36.2	87.5	69.9	74.47	54.95	36.21	22.64	72.69	17.41	35.65	41.27	49.1	61.95	80.93	14.92	44.24	79.96	34.59	26.19	62.2	50.88	31.12	39.27	90.41	51.85	69.16	15.63	43.53	89.73	85.97	20.29	48.49	33.44	17.57	39.61	49.02	34.41	77.7	83.15	105.86	91.49	33.0	87.65	29.42	25.2	62.14	32.35	24.76	13.68	18.65	35.49	11.48	51.98	36.59	30.9	64.5	72.02	55.73	22.48	17.96	68.17	19.17	11.23	24.5	96.21	100.7	49.19	43.56	40.99	79.46	0.0	55.8	73.37	10.25	53.25	14.86	26.26	41.01	33.22	47.33	47.7	39.02	32.81	35.53	24.82	64.13	30.81
82	46.93	50.99	82.24	83.6	20.49	128.12	112.52	129.57	119.88	66.73	86.03	20.86	77.17	79.86	77.05	32.76	91.12	75.59	77.39	71.95	91.34	19.6	52.76	22.92	89.17	47.77	14.8	130.62	23.21	34.31	25.75	11.07	55.24	57.8	40.08	5.36	59.24	68.62	94.15	145.51	30.62	40.81	55.71	48.39	72.16	16.67	26.56	52.04	95.39	29.18	106.39	96.17	23.71	66.06	28.85	80.81	60.79	31.73	31.15	42.99	50.48	23.94	66.17	49.05	90.96	51.53	59.62	75.74	104.8	69.9	39.22	53.87	49.16	64.94	79.16	50.39	94.05	25.93	61.42	14.89	87.72	55.8	0.0	37.42	49.63	51.13	58.95	50.87	57.42	22.65	23.96	18.02	92.93	84.01	67.36	39.19	67.56	46.93
83	48.11	47.02	60.61	48.98	57.89	125.13	88.87	123.79	154.62	72.48	66.4	41.57	44.49	115.87	51.72	19.06	101.79	85.66	53.29	90.72	106.92	34.85	39.47	15.01	64.53	59.65	34.81	153.29	41.75	47.26	12.9	47.99	54.77	51.8	66.26	41.81	31.64	80.26	116.66	156.73	37.36	67.24	42.99	80.35	84.79	46.64	24.4	49.62	75.31	52.44	75.32	68.34	51.85	30.02	45.26	97.27	38.7	41.02	52.26	64.98	58.84	55.17	80.06	85.31	100.64	51.61	35.51	51.48	128.6	76.87	62.95	25.55	57.62	78.14	97.65	24.59	60.97	62.75	52.77	41.94	63.38	73.37	37.42	0.0	72.03	34.52	82.74	54.19	50.19	48.57	60.42	28.49	112.22	105.92	65.03	48.88	45.87	48.11
84	35.02	41.65	78.32	100.22	47.61	91.22	104.56	95.55	91.09	32.5	78.16	31.93	91.37	61.17	80.02	54.66	45.21	32.67	78.51	22.54	42.43	37.98	53.26	59.27	87.57	19.41	39.99	82.22	30.93	25.5	60.02	43.26	37.48	45.42	81.93	45.15	72.32	25.79	45.39	97.1	80.22	10.63	53.3	23.46	27.25	32.99	47.78	39.72	85.61	75.59	111.9	97.86	25.99	89.57	26.78	31.94	66.41	31.79	20.23	7.15	24.49	27.38	21.38	41.79	45.89	36.35	68.28	77.65	56.9	32.59	10.42	70.48	24.47	21.39	29.66	93.61	105.51	39.79	49.99	35.35	86.06	10.25	49.63	72.03	0.0	56.68	10.73	31.85	46.91	27.18	38.15	44.62	43.3	34.86	43.96	26.22	69.35	35.02
85	22.46	17.36	31.12	43.54	68.25	90.76	61.4	89.28	147.3	43.47	35.29	38.79	34.69	113.48	26.85	20.22	72.94	57.79	26.66	68.78	80.93	34.31	5.55	34.89	38.26	38.42	38.37	130.48	36.92	33.13	32.43	57.15	25.14	19.27	89.84	52.34	15.92	54.14	95.55	126.17	67.3	57.19	8.72	74.04	58.79	48.35	24.6	20.18	44.67	77.0	58.39	46.26	49.13	35.39	35.73	72.73	10.69	28.37	42.71	51.14	34.88	54.23	55.67	86.12	71.28	23.43	11.67	25.15	107.94	48.04	51.46	16.02	34.16	53.52	74.69	58.45	49.49	68.32	18.88	44.2	36.77	53.25	51.13	34.52	56.68	0.0	66.6	27.71	17.29	45.48	65.51	33.22	88.67	85.12	32.48	30.68	16.59	22.46
86	44.48	50.84	86.4	110.13	54.22	90.76	111.3	96.04	82.39	36.9	85.62	42.32	101.19	55.84	88.95	65.37	41.81	32.63	87.26	16.3	35.97	48.53	62.87	69.85	95.71	28.43	50.3	72.0	41.47	36.17	70.67	51.53	45.74	53.87	88.65	54.18	82.38	26.97	35.28	90.32	89.55	18.21	62.59	22.97	26.56	42.31	58.5	48.66	92.51	83.5	120.52	106.22	35.27	100.02	37.48	26.13	76.01	42.47	30.75	17.78	32.95	35.63	22.05	41.88	43.09	45.18	78.1	86.52	46.46	35.67	20.38	80.8	33.23	23.09	22.43	104.13	114.9	45.53	58.25	45.18	94.24	14.86	58.95	82.74	10.73	66.6	0.0	40.56	55.53	37.0	44.41	55.18	34.58	25.07	50.3	36.53	78.46	44.48
87	6.12	10.6	46.53	70.46	60.79	77.37	73.75	78.72	122.75	18.37	46.79	30.78	61.38	92.33	48.39	35.18	47.63	31.62	46.76	41.1	53.94	31.49	23.1	46.69	55.74	12.44	36.17	102.92	28.24	17.63	45.77	51.37	6.05	13.6	90.5	49.16	43.55	26.93	67.85	102.56	76.82	35.93	22.25	53.07	31.59	39.46	32.22	8.14	54.8	80.02	80.11	66.01	36.14	62.93	23.24	45.24	35.97	19.18	26.15	28.18	7.63	41.05	28.03	68.81	46.44	4.64	38.53	45.98	80.24	22.69	30.27	43.37	7.39	25.89	47.0	78.59	74.44	57.03	18.22	37.62	54.23	26.26	50.87	54.19	31.85	27.71	40.56	0.0	15.07	33.63	54.4	35.69	61.09	57.46	16.94	12.38	37.92	6.12
88	13.25	6.84	31.62	56.87	70.87	75.34	59.79	74.86	137.8	26.93	32.48	39.85	47.75	107.12	33.46	32.83	55.98	41.32	31.73	54.6	64.74	38.07	11.75	46.92	40.76	27.5	42.85	114.86	37.42	28.99	45.11	60.48	9.96	2.09	97.46	57.01	31.6	38.54	80.98	108.89	79.15	50.42	9.15	67.67	43.07	49.47	33.44	7.47	41.05	85.72	65.05	50.95	47.76	51.95	33.77	57.25	22.6	27.36	38.74	42.96	22.61	52.93	40.86	82.59	54.21	10.59	25.83	31.01	93.34	31.43	44.64	33.07	22.46	38.7	59.83	74.65	59.85	68.58	4.1	46.49	39.24	41.01	57.42	50.19	46.91	17.29	55.53	15.07	0.0	44.64	65.82	39.99	73.25	70.92	15.23	24.41	23.24	13.25
89	31.81	37.81	74.37	86.01	27.21	108.69	103.94	111.12	106.68	46.53	76.57	7.46	78.05	69.63	72.18	34.53	68.9	53.76	71.64	49.33	68.7	14.09	44.64	34.31	82.69	26.98	13.98	109.0	8.66	16.09	35.77	18.67	39.17	44.26	58.77	18.67	58.5	46.65	72.27	122.95	53.11	19.46	46.49	31.98	49.92	6.6	26.54	37.71	85.49	50.27	103.86	91.5	3.75	71.62	10.88	58.17	56.16	17.73	8.99	20.38	30.83	8.76	43.84	40.85	68.9	35.91	56.5	70.28	83.37	49.1	16.79	54.72	29.66	42.76	56.56	67.91	94.12	23.94	48.7	8.19	81.16	33.22	22.65	48.57	27.18	45.48	37.0	33.63	44.64	0.0	21.18	20.09	70.46	61.91	50.52	21.29	61.52	31.81
90	52.96	58.99	95.22	103.61	9.86	127.1	124.98	130.28	96.01	65.25	97.64	26.83	96.27	55.92	92.36	51.24	83.3	69.78	92.04	59.97	80.01	31.5	65.27	45.45	103.32	46.02	28.34	112.77	28.94	37.13	47.91	12.89	60.11	65.44	44.24	18.88	77.12	62.6	77.63	134.61	50.5	27.53	67.35	27.31	64.9	17.15	43.47	58.87	106.61	40.13	123.56	111.76	18.27	87.44	32.06	69.71	76.09	38.73	28.37	33.8	50.61	13.41	58.8	25.11	83.86	56.97	75.96	90.6	86.93	67.07	29.56	72.6	49.6	58.3	66.67	74.22	112.81	2.81	69.88	21.5	101.8	47.33	23.96	60.42	38.15	65.51	44.41	54.4	65.82	21.18	0.0	34.93	78.8	68.52	71.1	42.22	81.9	52.96
91	30.82	33.88	64.28	68.69	35.7	112.81	94.57	113.57	126.53	53.16	68.01	13.16	61.47	88.6	59.49	16.35	80.24	64.11	59.67	65.01	82.91	6.65	34.75	14.67	71.39	36.07	6.78	126.74	13.71	22.1	15.76	24.56	39.14	40.58	57.66	19.26	42.64	57.68	89.91	135.48	41.16	38.91	37.73	51.99	61.81	18.96	8.93	35.3	77.37	45.73	89.62	78.77	23.45	52.78	18.31	72.68	43.13	17.16	24.43	37.47	37.25	27.17	56.3	58.65	79.63	35.39	42.28	58.06	101.52	56.92	34.97	37.8	35.89	54.67	72.18	48.99	78.15	37.6	43.9	14.12	69.93	47.7	18.02	28.49	44.62	33.22	55.18	35.69	39.99	20.09	34.93	0.0	86.62	79.26	51.24	25.73	49.73	30.82
92	66.84	71.32	98.87	130.05	88.65	73.76	116.93	81.51	82.71	46.75	95.78	74.64	120.93	73.04	104.85	93.55	25.72	33.02	102.47	21.63	11.79	80.12	83.71	100.96	107.83	52.72	82.76	41.83	73.26	65.19	101.22	86.03	63.81	71.19	122.98	88.37	104.31	34.72	11.11	57.14	123.52	52.64	82.1	54.43	30.19	76.27	87.95	68.52	99.98	118.08	133.5	118.69	69.25	124.01	68.32	16.01	95.83	71.28	62.91	50.13	54.55	70.09	33.08	71.51	28.43	65.24	98.89	102.31	21.5	42.61	53.72	104.45	55.57	35.2	14.57	135.23	131.75	79.72	74.28	78.6	106.58	39.02	92.93	112.22	43.3	88.67	34.58	61.09	73.25	70.46	78.8	86.62	0.0	11.28	61.48	63.37	95.84	66.84
93	62.77	68.01	98.78	127.68	78.38	82.18	119.27	89.37	75.99	45.84	96.4	66.76	118.56	62.59	103.67	87.71	31.96	33.91	101.51	16.38	19.38	72.65	80.53	93.83	107.97	47.49	74.84	47.48	65.64	58.67	94.37	76.47	61.09	68.94	112.55	79.24	101.0	33.2	10.74	68.36	114.62	43.27	79.35	43.45	29.36	67.36	81.53	65.35	101.53	108.2	133.58	118.82	60.32	120.07	61.09	16.68	93.18	64.94	55.02	41.96	50.29	60.64	30.11	60.26	34.41	61.9	95.94	101.14	22.95	42.32	45.14	100.5	51.11	32.25	11.94	128.21	130.49	69.28	72.55	70.1	106.63	32.81	84.01	105.92	34.86	85.12	25.07	57.46	70.92	61.91	68.52	79.26	11.28	0.0	60.94	57.62	94.04	62.77
94	20.5	18.37	37.84	69.34	77.71	61.75	61.0	62.36	132.15	15.1	35.86	47.63	60.32	105.09	43.4	47.0	41.79	28.54	41.0	45.21	51.89	47.8	26.93	60.36	47.06	26.32	52.57	102.38	45.09	34.57	58.88	68.29	12.15	13.37	107.21	65.93	46.03	27.74	70.28	93.77	91.86	50.43	24.03	66.9	31.73	56.4	46.18	16.23	42.24	96.4	72.64	57.89	52.91	66.5	40.17	45.73	36.35	35.67	42.75	42.26	21.07	57.71	31.35	83.89	39.81	15.89	39.98	40.86	82.4	18.89	45.19	48.06	21.84	29.39	49.21	89.58	70.28	73.69	14.18	54.49	45.7	35.53	67.36	65.03	43.96	32.48	50.3	16.94	15.23	50.52	71.1	51.24	61.48	60.94	0.0	29.31	34.89	20.5
95	11.16	17.85	55.59	74.12	48.42	88.97	84.2	90.74	116.63	27.75	56.88	18.64	65.35	83.67	55.42	30.21	54.61	38.43	54.3	41.98	58.25	20.45	27.81	38.69	64.46	10.83	24.82	104.69	16.14	5.25	38.46	39.04	17.91	23.66	78.43	37.09	46.14	32.19	68.35	109.91	66.63	26.88	28.52	44.06	36.5	27.09	24.84	17.06	65.42	68.36	87.54	74.12	23.95	63.5	10.9	48.42	40.78	8.62	14.38	20.46	11.58	28.98	31.36	58.23	53.94	14.8	42.34	53.21	80.53	31.29	21.07	44.29	10.22	29.54	48.8	72.37	79.98	44.9	28.29	25.42	62.92	24.82	39.19	48.88	26.22	30.68	36.53	12.38	24.41	21.29	42.22	25.73	63.37	57.62	29.31	0.0	44.58	11.16
96	34.38	27.71	15.17	34.45	84.83	84.35	45.15	81.27	160.44	49.1	20.55	55.09	25.45	128.23	10.85	35.68	76.57	63.22	10.14	77.76	86.68	50.86	17.02	49.83	21.67	50.1	54.96	137.12	53.11	47.96	47.07	73.74	33.2	25.15	105.74	68.91	15.68	61.3	103.97	126.5	81.48	71.46	16.12	88.63	65.69	64.76	41.0	29.8	29.61	92.63	42.97	29.99	65.1	34.41	51.33	79.89	7.32	44.0	57.85	64.65	45.55	70.27	63.93	101.8	74.47	33.28	10.42	8.77	116.28	53.37	65.64	20.91	45.23	61.79	82.78	67.53	36.61	84.71	21.58	60.71	20.2	64.13	67.56	45.87	69.35	16.59	78.46	37.92	23.24	61.52	81.9	49.73	95.84	94.04	34.89	44.58	0.0	34.38
97	0.0	6.85	44.6	65.77	58.55	82.0	73.04	82.86	126.1	24.39	45.72	27.76	56.77	94.3	45.12	29.13	53.74	37.73	43.79	46.48	59.95	27.34	18.39	41.02	53.57	16.08	32.13	108.65	25.24	15.88	39.95	48.56	8.35	12.55	86.89	45.75	38.38	32.94	73.27	108.62	71.72	37.47	18.29	54.73	37.59	37.07	26.56	5.94	54.27	75.92	77.16	63.45	34.76	57.35	20.97	51.08	31.53	15.41	25.52	30.33	12.48	39.89	33.77	69.36	52.54	4.62	33.72	42.82	85.64	28.76	31.66	37.77	11.7	31.66	52.61	72.55	70.52	55.68	17.14	34.59	52.04	30.81	46.93	48.11	35.02	22.46	44.48	6.12	13.25	31.81	52.96	30.82	66.84	62.77	20.5	11.16	34.38	0.0
;

param W:=
1 12
2 9
3 10
4 11
5 10
6 6
7 8
8 8
9 9
10 7
;

param w
:	1	2	3	4	5	6	7	8	9	10 :=
0	0	0	0	0	0	0	0	0	0	0
1	1	0	0	1	0	0	0	1	0	0
2	1	0	0	0	0	0	0	0	1	0
3	0	0	0	0	0	1	1	0	0	0
4	0	0	0	0	0	0	0	0	0	0
5	1	0	0	1	0	0	0	0	0	0
6	1	0	0	0	0	0	0	0	0	0
7	0	0	0	0	0	0	0	0	0	0
8	0	1	0	0	0	0	1	1	0	1
9	1	0	0	0	1	0	0	0	0	1
10	0	0	0	1	1	0	0	0	1	0
11	0	0	1	0	0	1	1	0	0	0
12	0	0	0	0	1	1	0	0	0	0
13	0	0	1	0	0	0	0	0	0	0
14	1	1	1	0	0	0	1	0	0	0
15	0	1	0	0	0	1	0	0	0	0
16	0	0	1	0	0	0	0	0	0	0
17	0	0	0	0	0	1	0	0	0	0
18	0	0	1	0	0	0	0	1	0	0
19	0	0	0	0	1	0	0	0	1	0
20	1	0	0	0	0	0	0	0	0	1
21	0	1	1	1	1	0	1	0	0	0
22	0	0	0	0	0	0	1	0	0	0
23	1	0	0	0	0	0	0	0	0	0
24	0	1	0	0	1	0	0	0	1	0
25	0	0	0	1	0	1	1	0	0	0
26	0	0	0	1	1	0	0	0	0	0
27	0	0	0	1	0	0	0	0	0	0
28	0	0	1	1	0	0	0	0	0	1
29	0	0	0	0	0	1	0	1	0	0
30	1	0	0	0	1	0	0	1	0	0
31	1	0	0	0	0	1	0	0	0	0
32	0	0	0	1	0	0	0	1	1	0
33	1	0	1	0	1	0	0	0	1	0
34	0	0	0	0	0	0	0	0	1	0
35	1	0	1	0	0	0	0	0	0	0
36	0	0	1	0	1	1	0	0	0	0
37	1	0	0	0	0	0	0	0	1	0
38	0	0	0	0	0	0	0	0	0	0
39	1	0	0	1	0	0	0	0	0	0
40	0	0	0	0	0	0	0	0	1	0
41	1	1	0	1	0	0	0	0	1	0
42	0	0	0	1	1	0	1	0	0	0
43	0	0	0	0	0	0	0	1	0	0
44	0	1	0	0	0	0	0	0	0	0
45	0	0	0	0	0	0	0	0	0	0
46	0	0	0	0	1	1	1	0	1	0
47	0	0	1	0	0	1	0	0	0	1
48	0	0	0	1	0	0	1	0	0	0
49	0	1	0	1	0	0	0	0	0	0
50	1	0	0	0	0	1	0	0	0	0
51	0	0	0	0	0	0	0	1	0	1
52	1	0	0	1	0	0	0	0	0	0
53	0	0	0	1	1	0	0	0	0	0
54	1	0	0	1	0	1	0	1	1	0
55	0	0	1	0	1	0	0	0	0	0
56	1	0	0	1	1	0	0	0	0	1
57	0	0	0	0	0	0	0	0	0	0
58	0	0	1	0	1	0	1	0	1	0
59	0	0	0	1	0	0	0	0	1	0
60	0	1	0	0	0	0	0	1	1	0
61	0	1	0	0	1	0	0	0	0	1
62	1	0	0	0	0	0	0	0	0	0
63	1	0	0	0	0	0	0	0	0	1
64	0	0	0	0	0	0	0	1	0	0
65	1	0	0	1	0	0	1	0	0	1
66	0	0	0	0	1	0	0	0	0	0
67	0	0	0	0	0	0	0	0	0	0
68	0	0	0	1	0	0	0	1	0	0
69	0	0	1	0	0	0	1	0	0	0
70	1	0	0	0	0	0	0	0	0	0
71	1	0	0	1	0	0	0	0	0	0
72	0	0	0	1	0	0	1	1	0	1
73	0	0	0	0	0	1	0	0	0	0
74	0	0	1	0	0	0	1	0	0	0
75	1	0	1	0	1	1	1	1	0	0
76	0	1	0	1	1	0	0	0	1	0
77	1	1	0	0	0	0	0	1	0	1
78	0	1	0	1	0	0	0	0	1	0
79	1	0	1	1	0	0	0	0	0	1
80	1	0	0	1	0	0	0	0	1	0
81	0	1	0	0	0	0	0	1	0	0
82	1	1	0	1	0	0	0	0	0	0
83	1	0	0	0	0	0	0	0	1	0
84	0	1	1	1	0	0	0	0	1	0
85	1	0	0	0	1	1	0	0	0	0
86	0	0	1	1	1	1	0	1	0	0
87	0	1	0	0	0	0	0	0	0	0
88	0	1	0	0	0	0	0	0	0	1
89	0	0	0	0	0	0	0	0	0	1
90	0	0	0	0	0	0	1	0	0	0
91	1	1	0	0	0	0	0	0	0	0
92	0	0	0	0	0	0	0	0	0	0
93	0	0	1	0	0	0	0	1	0	1
94	0	0	0	1	1	0	0	0	1	0
95	0	0	0	0	0	0	0	0	0	1
96	0	0	0	0	0	0	0	0	0	0
97	0	0	0	0	0	0	0	0	0	0
;

