-1047 3
-1034 0
-1037 1
-1047 3
-1037 1
-1047 3
-1034 0
-1034 0
-1037 1
-1034 0
-1047 3
-1034 0
-1037 1
-1034 0
-1047 3
-1047 3
-1034 0
-1034 0
-1037 1
-1034 0
-1047 3
-1037 1
-1047 3
-1037 1
-1037 1
-1047 3
-1037 1
-1047 3
-1037 1
-1037 1
-1037 1
-1047 3
-1047 3
-1047 3
-1037 1
-1034 0
-1034 0
-1034 0
-1037 1
-1037 1
-1037 1
-1034 0
-1037 1
-1037 1
-1034 0
-1047 3
-1047 3
-1037 1
-1104 2
-1088 0
-1104 2
-1095 1
-1095 1
-1095 1
-1088 0
-1095 1
-1088 0
-1088 0
-1104 2
-1088 0
-1095 1
-1095 1
-1104 2
-1088 0
-1095 1
-1095 1
-1104 2
-1095 1
-1095 1
-1088 0
-1104 2
-1088 0
-1095 1
-1095 1
-1095 1
-1088 0
-1095 1
-1104 2
-1095 1
-1095 1
-1088 0
-1095 1
-1095 1
-1104 2
-1088 0
-1095 1
-1088 0
-1088 0
-1088 0
-1088 0
-1104 2
-1095 1
-1088 0
-1095 1
-1095 1
-1088 0
-1103 21
-1088 0
-1099 19
-1098 12
-1100 20
-1097 7
-1098 12
-1091 3
-1103 21
-1097 7
-1094 6
-1093 5
-1099 19
-1088 0
-1090 2
-1089 1
-1091 3
-1093 5
-1093 5
-1098 12
-1097 7
-1100 20
-1090 2
-1094 6
-1098 12
-1089 1
-1094 6
-1094 6
-1097 7
-1093 5
-1103 21
-1089 1
-1100 20
-1090 2
-1093 5
-1091 3
-1088 0
-1090 2
-1088 0
-1090 2
-1093 5
-1094 6
-1100 20
-1094 6
-1103 21
-1098 12
-1091 3
-1100 20
-1088 0
-1090 4
-1090 4
-1088 0
-1088 0
-1090 4
-1088 0
-1088 0
-1090 4
-1090 4
-1088 0
-1090 4
-1090 4
-1090 4
-1090 4
-1088 0
-1088 0
-1090 4
-1090 4
-1088 0
-1090 4
-1090 4
-1090 4
-1090 4
-1090 4
-1088 0
-1090 4
-1090 4
-1090 4
-1088 0
-1090 4
-1090 4
-1088 0
-1090 4
-1088 0
-1090 4
-1088 0
-1090 4
-1090 4
-1090 4
-1090 4
-1090 4
-1090 4
-1090 4
-1088 0
-1090 4
-1090 4
-1090 4
-1027 1
-1026 0
-1026 0
-1027 1
-1026 0
-1027 1
-1027 1
-1026 0
-1026 0
-1026 0
-1027 1
-1027 1
-1027 1
-1026 0
-1027 1
-1026 0
-1026 0
-1026 0
-1026 0
-1026 0
-1026 0
-1026 0
-1026 0
-1026 0
-1026 0
-1026 0
-1026 0
-1026 0
-1027 1
-1026 0
-1026 0
-1027 1
-1026 0
-1026 0
-1026 0
-1026 0
-1027 1
-1026 0
-1026 0
-1026 0
-1026 0
-1026 0
-1026 0
-1026 0
-1026 0
-1027 1
-1026 0
-1026 0
-1053 3
-1048 0
-1048 0
-1053 3
-1048 0
-1053 3
-1048 0
-1053 3
-1053 3
-1048 0
-1048 0
-1048 0
-1048 0
-1048 0
-1053 3
-1048 0
-1048 0
-1048 0
-1048 0
-1048 0
-1048 0
-1053 3
-1048 0
-1048 0
-1048 0
-1048 0
-1048 0
-1048 0
-1053 3
-1053 3
-1048 0
-1053 3
-1048 0
-1048 0
-1048 0
-1053 3
-1053 3
-1053 3
-1053 3
-1053 3
-1053 3
-1048 0
-1048 0
-1048 0
-1053 3
-1048 0
-1053 3
-1048 0
-1046 0
-1056 8
-1049 1
-1052 6
-1052 6
-1056 8
-1050 4
-1046 0
-1052 6
-1056 8
-1050 4
-1050 4
-1049 1
-1046 0
-1050 4
-1049 1
-1046 0
-1056 8
-1049 1
-1046 0
-1052 6
-1052 6
-1046 0
-1046 0
-1052 6
-1052 6
-1052 6
-1052 6
-1046 0
-1050 4
-1052 6
-1052 6
-1052 6
-1052 6
-1046 0
-1046 0
-1052 6
-1050 4
-1046 0
-1052 6
-1050 4
-1056 8
-1052 6
-1052 6
-1052 6
-1049 1
-1052 6
-1056 8
-1048 6
-1040 0
-1047 5
-1041 1
-1047 5
-1041 1
-1040 0
-1048 6
-1047 5
-1041 1
-1048 6
-1041 1
-1041 1
-1048 6
-1048 6
-1048 6
-1047 5
-1040 0
-1047 5
-1047 5
-1041 1
-1047 5
-1048 6
-1047 5
-1047 5
-1041 1
-1048 6
-1040 0
-1048 6
-1048 6
-1048 6
-1048 6
-1041 1
-1047 5
-1048 6
-1040 0
-1048 6
-1048 6
-1041 1
-1048 6
-1047 5
-1047 5
-1048 6
-1047 5
-1047 5
-1040 0
-1048 6
-1047 5
-1071 9
-1060 0
-1066 4
-1071 9
-1065 3
-1071 9
-1066 4
-1061 1
-1065 3
-1061 1
-1061 1
-1060 0
-1066 4
-1065 3
-1065 3
-1071 9
-1061 1
-1071 9
-1060 0
-1061 1
-1060 0
-1066 4
-1061 1
-1065 3
-1071 9
-1065 3
-1071 9
-1061 1
-1061 1
-1071 9
-1065 3
-1065 3
-1071 9
-1061 1
-1066 4
-1065 3
-1071 9
-1071 9
-1071 9
-1066 4
-1071 9
-1071 9
-1065 3
-1065 3
-1065 3
-1061 1
-1061 1
-1060 0
-1025 11
-1014 0
-1017 3
-1025 11
-1017 3
-1016 2
-1014 0
-1015 1
-1015 1
-1014 0
-1016 2
-1015 1
-1015 1
-1017 3
-1016 2
-1015 1
-1014 0
-1016 2
-1015 1
-1025 11
-1025 11
-1025 11
-1025 11
-1017 3
-1025 11
-1016 2
-1025 11
-1015 1
-1025 11
-1017 3
-1017 3
-1025 11
-1015 1
-1025 11
-1016 2
-1014 0
-1025 11
-1014 0
-1015 1
-1017 3
-1015 1
-1015 1
-1016 2
-1017 3
-1025 11
-1017 3
-1014 0
-1017 3
-1031 1
-1030 0
-1031 1
-1031 1
-1030 0
-1030 0
-1031 1
-1030 0
-1030 0
-1030 0
-1031 1
-1030 0
-1031 1
-1031 1
-1031 1
-1030 0
-1030 0
-1031 1
-1031 1
-1030 0
-1030 0
-1030 0
-1031 1
-1030 0
-1030 0
-1031 1
-1031 1
-1031 1
-1031 1
-1030 0
-1030 0
-1031 1
-1030 0
-1030 0
-1030 0
-1030 0
-1031 1
-1030 0
-1030 0
-1030 0
-1030 0
-1030 0
-1031 1
-1031 1
-1030 0
-1031 1
-1030 0
-1031 1
-1093 1
-1092 0
-1092 0
-1093 1
-1093 1
-1093 1
-1093 1
-1092 0
-1093 1
-1092 0
-1092 0
-1093 1
-1093 1
-1093 1
-1092 0
-1092 0
-1093 1
-1092 0
-1092 0
-1093 1
-1093 1
-1093 1
-1092 0
-1092 0
-1093 1
-1092 0
-1093 1
-1093 1
-1092 0
-1093 1
-1093 1
-1092 0
-1093 1
-1092 0
-1093 1
-1092 0
-1092 0
-1092 0
-1093 1
-1092 0
-1092 0
-1092 0
-1092 0
-1093 1
-1092 0
-1093 1
-1092 0
-1092 0
-1076 0
-1078 2
-1076 0
-1076 0
-1078 2
-1078 2
-1078 2
-1076 0
-1076 0
-1078 2
-1078 2
-1078 2
-1078 2
-1078 2
-1078 2
-1076 0
-1076 0
-1078 2
-1076 0
-1078 2
-1078 2
-1076 0
-1078 2
-1078 2
-1078 2
-1078 2
-1078 2
-1078 2
-1078 2
-1076 0
-1076 0
-1076 0
-1078 2
-1078 2
-1078 2
-1078 2
-1078 2
-1078 2
-1076 0
-1076 0
-1078 2
-1078 2
-1076 0
-1076 0
-1078 2
-1076 0
-1076 0
-1078 2
-1040 0
-1040 0
-1040 0
-1040 0
-1040 0
-1040 0
-1040 0
-1040 0
-1040 0
-1040 0
-1040 0
-1040 0
-1040 0
-1040 0
-1040 0
-1040 0
-1040 0
-1040 0
-1040 0
-1040 0
-1040 0
-1040 0
-1040 0
-1040 0
-1040 0
-1040 0
-1040 0
-1040 0
-1040 0
-1040 0
-1040 0
-1040 0
-1040 0
-1040 0
-1040 0
-1040 0
-1040 0
-1040 0
-1040 0
-1040 0
-1040 0
-1040 0
-1040 0
-1040 0
-1040 0
-1040 0
-1040 0
-1040 0
-1048 0
-1052 4
-1050 2
-1049 1
-1051 3
-1051 3
-1049 1
-1050 2
-1051 3
-1052 4
-1052 4
-1048 0
-1049 1
-1051 3
-1050 2
-1049 1
-1050 2
-1052 4
-1050 2
-1051 3
-1049 1
-1049 1
-1050 2
-1052 4
-1049 1
-1051 3
-1051 3
-1049 1
-1052 4
-1052 4
-1052 4
-1050 2
-1049 1
-1052 4
-1052 4
-1052 4
-1052 4
-1051 3
-1049 1
-1052 4
-1052 4
-1052 4
-1051 3
-1051 3
-1050 2
-1050 2
-1050 2
-1050 2
-1072 0
-1083 11
-1082 10
-1078 6
-1073 1
-1081 9
-1081 9
-1081 9
-1075 3
-1073 1
-1079 7
-1079 7
-1075 3
-1077 5
-1074 2
-1082 10
-1072 0
-1076 4
-1076 4
-1079 7
-1077 5
-1078 6
-1082 10
-1076 4
-1079 7
-1078 6
-1077 5
-1074 2
-1083 11
-1072 0
-1074 2
-1074 2
-1076 4
-1083 11
-1079 7
-1078 6
-1077 5
-1076 4
-1078 6
-1077 5
-1074 2
-1074 2
-1075 3
-1082 10
-1077 5
-1076 4
-1078 6
-1081 9
-1104 0
-1104 0
-1104 0
-1104 0
-1104 0
-1104 0
-1104 0
-1104 0
-1104 0
-1104 0
-1104 0
-1104 0
-1104 0
-1104 0
-1104 0
-1104 0
-1104 0
-1104 0
-1104 0
-1104 0
-1104 0
-1104 0
-1104 0
-1104 0
-1104 0
-1104 0
-1104 0
-1104 0
-1104 0
-1104 0
-1104 0
-1104 0
-1104 0
-1104 0
-1104 0
-1104 0
-1104 0
-1104 0
-1104 0
-1104 0
-1104 0
-1104 0
-1104 0
-1104 0
-1104 0
-1104 0
-1104 0
-1104 0
-1046 4
-1040 0
-1043 1
-1046 4
-1043 1
-1040 0
-1043 1
-1046 4
-1040 0
-1043 1
-1040 0
-1040 0
-1046 4
-1043 1
-1043 1
-1046 4
-1043 1
-1046 4
-1043 1
-1043 1
-1046 4
-1043 1
-1043 1
-1046 4
-1043 1
-1040 0
-1046 4
-1046 4
-1043 1
-1043 1
-1043 1
-1040 0
-1046 4
-1046 4
-1046 4
-1046 4
-1043 1
-1046 4
-1040 0
-1040 0
-1040 0
-1043 1
-1040 0
-1040 0
-1043 1
-1043 1
-1040 0
-1046 4
-1020 0
-1020 0
-1020 0
-1020 0
-1020 0
-1020 0
-1020 0
-1020 0
-1020 0
-1020 0
-1020 0
-1020 0
-1020 0
-1020 0
-1020 0
-1020 0
-1020 0
-1020 0
-1020 0
-1020 0
-1020 0
-1020 0
-1020 0
-1020 0
-1020 0
-1020 0
-1020 0
-1020 0
-1020 0
-1020 0
-1020 0
-1020 0
-1020 0
-1020 0
-1020 0
-1020 0
-1020 0
-1020 0
-1020 0
-1020 0
-1020 0
-1020 0
-1020 0
-1020 0
-1020 0
-1020 0
-1020 0
-1020 0
-1038 0
-1042 4
-1039 1
-1040 2
-1041 3
-1042 4
-1041 3
-1041 3
-1040 2
-1039 1
-1038 0
-1042 4
-1039 1
-1040 2
-1038 0
-1040 2
-1041 3
-1038 0
-1038 0
-1039 1
-1040 2
-1041 3
-1038 0
-1038 0
-1038 0
-1038 0
-1039 1
-1038 0
-1042 4
-1038 0
-1042 4
-1041 3
-1038 0
-1039 1
-1038 0
-1039 1
-1038 0
-1042 4
-1042 4
-1038 0
-1042 4
-1038 0
-1038 0
-1040 2
-1038 0
-1041 3
-1038 0
-1038 0
